6.529429087511423369e+00
8.401231264413015154e+00
7.995766156304850547e+00
6.791793351978914650e+00
7.148468295917647097e+00
8.401231264413015154e+00
8.401231264413015154e+00
8.401231264413015154e+00
8.401231264413015154e+00
8.401231264413015154e+00
8.401231264413015154e+00
7.708084083853069757e+00
8.401231264413015154e+00
7.995766156304850547e+00
8.401231264413015154e+00
8.401231264413015154e+00
7.995766156304850547e+00
8.401231264413015154e+00
8.401231264413015154e+00
8.401231264413015154e+00
8.401231264413015154e+00
8.401231264413015154e+00
8.401231264413015154e+00
8.401231264413015154e+00
7.995766156304850547e+00
8.401231264413015154e+00
8.401231264413015154e+00
8.401231264413015154e+00
8.401231264413015154e+00
6.609471795184959753e+00
8.401231264413015154e+00
8.401231264413015154e+00
7.995766156304850547e+00
8.401231264413015154e+00
5.539030383483546593e+00
6.098646171418969253e+00
8.401231264413015154e+00
7.484940532538860047e+00
8.401231264413015154e+00
8.401231264413015154e+00
7.995766156304850547e+00
7.708084083853069757e+00
8.401231264413015154e+00
6.098646171418969253e+00
8.401231264413015154e+00
6.897153867636740543e+00
6.897153867636740543e+00
8.401231264413015154e+00
8.401231264413015154e+00
8.401231264413015154e+00
5.597870883506479878e+00
8.401231264413015154e+00
7.484940532538860047e+00
7.995766156304850547e+00
6.609471795184959753e+00
6.003335991614644485e+00
8.401231264413015154e+00
8.401231264413015154e+00
7.484940532538860047e+00
6.897153867636740543e+00
7.995766156304850547e+00
8.401231264413015154e+00
6.321789722733178962e+00
8.401231264413015154e+00
8.401231264413015154e+00
7.708084083853069757e+00
8.401231264413015154e+00
8.401231264413015154e+00
8.401231264413015154e+00
8.401231264413015154e+00
6.609471795184959753e+00
8.401231264413015154e+00
8.401231264413015154e+00
8.401231264413015154e+00
8.401231264413015154e+00
7.995766156304850547e+00
6.455321115357701700e+00
7.708084083853069757e+00
7.708084083853069757e+00
7.995766156304850547e+00
6.386328243870750043e+00
7.995766156304850547e+00
8.401231264413015154e+00
8.401231264413015154e+00
4.469405631688688985e+00
5.430816798843313364e+00
4.540501553372418897e+00
8.401231264413015154e+00
8.401231264413015154e+00
8.401231264413015154e+00
7.484940532538860047e+00
8.401231264413015154e+00
7.708084083853069757e+00
6.321789722733178962e+00
7.302618975744905150e+00
5.244230843262901232e+00
7.302618975744905150e+00
8.401231264413015154e+00
5.660391240487813391e+00
8.401231264413015154e+00
6.791793351978914650e+00
6.003335991614644485e+00
3.906992639132205181e+00
7.484940532538860047e+00
7.708084083853069757e+00
6.897153867636740543e+00
8.401231264413015154e+00
5.836281906951477971e+00
7.708084083853069757e+00
5.628642542173233565e+00
7.995766156304850547e+00
7.995766156304850547e+00
7.995766156304850547e+00
8.401231264413015154e+00
5.405498990859023856e+00
8.401231264413015154e+00
5.510859506516849748e+00
5.356708826689591696e+00
7.995766156304850547e+00
7.708084083853069757e+00
8.401231264413015154e+00
8.401231264413015154e+00
4.572589867923920082e+00
5.033935434426540567e+00
7.148468295917647097e+00
7.708084083853069757e+00
8.401231264413015154e+00
6.609471795184959753e+00
5.916324614625014355e+00
8.401231264413015154e+00
6.609471795184959753e+00
6.696483172174589882e+00
8.401231264413015154e+00
7.302618975744905150e+00
8.401231264413015154e+00
8.401231264413015154e+00
8.401231264413015154e+00
8.401231264413015154e+00
7.995766156304850547e+00
7.302618975744905150e+00
6.098646171418969253e+00
7.014936903293124359e+00
8.401231264413015154e+00
5.762173934797756303e+00
5.287715955202640039e+00
8.401231264413015154e+00
8.401231264413015154e+00
7.995766156304850547e+00
8.401231264413015154e+00
8.401231264413015154e+00
8.401231264413015154e+00
5.693181063310804646e+00
8.401231264413015154e+00
8.401231264413015154e+00
7.148468295917647097e+00
7.014936903293124359e+00
7.148468295917647097e+00
8.401231264413015154e+00
8.401231264413015154e+00
5.405498990859023856e+00
8.401231264413015154e+00
5.333178329279397722e+00
5.916324614625014355e+00
7.014936903293124359e+00
8.401231264413015154e+00
4.298587899376219212e+00
6.609471795184959753e+00
8.401231264413015154e+00
4.393898079180543981e+00
8.401231264413015154e+00
5.380806378268652601e+00
6.261165100916744386e+00
5.380806378268652601e+00
6.897153867636740543e+00
7.708084083853069757e+00
8.401231264413015154e+00
6.609471795184959753e+00
7.484940532538860047e+00
8.401231264413015154e+00
7.995766156304850547e+00
8.401231264413015154e+00
8.401231264413015154e+00
7.484940532538860047e+00
7.484940532538860047e+00
5.124086531420838142e+00
5.356708826689591696e+00
6.321789722733178962e+00
5.798541578968630539e+00
8.401231264413015154e+00
7.484940532538860047e+00
7.995766156304850547e+00
8.401231264413015154e+00
8.401231264413015154e+00
7.708084083853069757e+00
8.401231264413015154e+00
6.791793351978914650e+00
7.995766156304850547e+00
8.401231264413015154e+00
8.401231264413015154e+00
7.995766156304850547e+00
6.696483172174589882e+00
8.401231264413015154e+00
7.484940532538860047e+00
7.995766156304850547e+00
7.014936903293124359e+00
7.484940532538860047e+00
7.995766156304850547e+00
6.897153867636740543e+00
8.401231264413015154e+00
3.533696813957432070e+00
8.401231264413015154e+00
5.356708826689591696e+00
6.321789722733178962e+00
8.401231264413015154e+00
7.995766156304850547e+00
8.401231264413015154e+00
7.995766156304850547e+00
7.995766156304850547e+00
7.148468295917647097e+00
7.302618975744905150e+00
7.995766156304850547e+00
3.766502276183378850e+00
6.696483172174589882e+00
5.568017920356798989e+00
8.401231264413015154e+00
4.174397519144834590e+00
3.958580007922698041e+00
7.708084083853069757e+00
7.302618975744905150e+00
8.401231264413015154e+00
8.401231264413015154e+00
8.401231264413015154e+00
3.397284958467555516e+00
7.014936903293124359e+00
8.401231264413015154e+00
7.302618975744905150e+00
5.016841001067240846e+00
7.708084083853069757e+00
6.455321115357701700e+00
7.708084083853069757e+00
8.401231264413015154e+00
7.302618975744905150e+00
3.400646306170260313e+00
7.995766156304850547e+00
7.014936903293124359e+00
6.696483172174589882e+00
8.401231264413015154e+00
8.401231264413015154e+00
8.401231264413015154e+00
5.380806378268652601e+00
8.401231264413015154e+00
7.708084083853069757e+00
8.401231264413015154e+00
7.484940532538860047e+00
5.182355439544814146e+00
8.401231264413015154e+00
8.401231264413015154e+00
6.204006687076795146e+00
7.995766156304850547e+00
6.609471795184959753e+00
8.401231264413015154e+00
7.995766156304850547e+00
8.401231264413015154e+00
5.597870883506479878e+00
7.995766156304850547e+00
7.484940532538860047e+00
7.708084083853069757e+00
7.708084083853069757e+00
7.708084083853069757e+00
5.105394398408686030e+00
7.484940532538860047e+00
3.348175254432806724e+00
7.484940532538860047e+00
8.401231264413015154e+00
8.401231264413015154e+00
8.401231264413015154e+00
7.014936903293124359e+00
7.995766156304850547e+00
7.995766156304850547e+00
5.105394398408686030e+00
8.401231264413015154e+00
7.995766156304850547e+00
5.693181063310804646e+00
7.708084083853069757e+00
7.484940532538860047e+00
8.401231264413015154e+00
8.401231264413015154e+00
6.897153867636740543e+00
8.401231264413015154e+00
6.696483172174589882e+00
7.995766156304850547e+00
8.401231264413015154e+00
7.148468295917647097e+00
7.995766156304850547e+00
7.302618975744905150e+00
8.401231264413015154e+00
7.014936903293124359e+00
6.529429087511423369e+00
7.995766156304850547e+00
8.401231264413015154e+00
8.401231264413015154e+00
7.302618975744905150e+00
8.401231264413015154e+00
7.148468295917647097e+00
5.223177434065068958e+00
7.014936903293124359e+00
5.405498990859023856e+00
5.762173934797756303e+00
8.401231264413015154e+00
8.401231264413015154e+00
7.014936903293124359e+00
6.261165100916744386e+00
4.724930592505938165e+00
6.149939465806519401e+00
6.204006687076795146e+00
5.356708826689591696e+00
7.302618975744905150e+00
6.455321115357701700e+00
6.696483172174589882e+00
7.484940532538860047e+00
8.401231264413015154e+00
6.897153867636740543e+00
7.708084083853069757e+00
5.202558146862333643e+00
6.609471795184959753e+00
8.401231264413015154e+00
8.401231264413015154e+00
8.401231264413015154e+00
7.014936903293124359e+00
8.401231264413015154e+00
6.529429087511423369e+00
8.401231264413015154e+00
7.708084083853069757e+00
6.049856007249537093e+00
7.708084083853069757e+00
5.510859506516849748e+00
7.995766156304850547e+00
8.401231264413015154e+00
8.401231264413015154e+00
8.401231264413015154e+00
7.708084083853069757e+00
8.401231264413015154e+00
7.995766156304850547e+00
6.897153867636740543e+00
5.244230843262901232e+00
8.401231264413015154e+00
8.401231264413015154e+00
7.708084083853069757e+00
7.995766156304850547e+00
6.204006687076795146e+00
8.401231264413015154e+00
3.239306522770532659e+00
5.628642542173233565e+00
5.836281906951477971e+00
7.995766156304850547e+00
8.401231264413015154e+00
4.440418094815436589e+00
4.393898079180543981e+00
8.401231264413015154e+00
8.401231264413015154e+00
6.791793351978914650e+00
8.401231264413015154e+00
8.401231264413015154e+00
7.708084083853069757e+00
8.401231264413015154e+00
6.609471795184959753e+00
7.708084083853069757e+00
7.995766156304850547e+00
6.098646171418969253e+00
6.609471795184959753e+00
7.708084083853069757e+00
7.995766156304850547e+00
5.597870883506479878e+00
7.708084083853069757e+00
7.708084083853069757e+00
8.401231264413015154e+00
8.401231264413015154e+00
5.202558146862333643e+00
8.401231264413015154e+00
8.401231264413015154e+00
8.401231264413015154e+00
3.714481091432500381e+00
8.401231264413015154e+00
3.344985459064706568e+00
7.484940532538860047e+00
7.995766156304850547e+00
7.708084083853069757e+00
7.708084083853069757e+00
8.401231264413015154e+00
7.484940532538860047e+00
8.401231264413015154e+00
7.484940532538860047e+00
8.401231264413015154e+00
7.708084083853069757e+00
7.995766156304850547e+00
7.484940532538860047e+00
5.016841001067240846e+00
7.302618975744905150e+00
8.401231264413015154e+00
8.401231264413015154e+00
8.401231264413015154e+00
6.897153867636740543e+00
7.995766156304850547e+00
8.401231264413015154e+00
7.302618975744905150e+00
5.836281906951477971e+00
7.014936903293124359e+00
7.484940532538860047e+00
8.401231264413015154e+00
6.455321115357701700e+00
6.791793351978914650e+00
6.897153867636740543e+00
3.929592471049446090e+00
5.727082614986485964e+00
6.529429087511423369e+00
7.708084083853069757e+00
5.628642542173233565e+00
8.401231264413015154e+00
7.708084083853069757e+00
8.401231264413015154e+00
7.484940532538860047e+00
8.401231264413015154e+00
7.995766156304850547e+00
7.995766156304850547e+00
8.401231264413015154e+00
6.204006687076795146e+00
7.708084083853069757e+00
6.261165100916744386e+00
2.398579527914468379e+00
7.708084083853069757e+00
7.995766156304850547e+00
6.321789722733178962e+00
7.708084083853069757e+00
7.484940532538860047e+00
5.287715955202640039e+00
6.321789722733178962e+00
7.148468295917647097e+00
7.708084083853069757e+00
8.401231264413015154e+00
5.836281906951477971e+00
7.148468295917647097e+00
4.145618554594792116e+00
8.401231264413015154e+00
8.401231264413015154e+00
8.401231264413015154e+00
8.401231264413015154e+00
7.995766156304850547e+00
7.995766156304850547e+00
8.401231264413015154e+00
8.401231264413015154e+00
7.995766156304850547e+00
8.401231264413015154e+00
7.014936903293124359e+00
5.727082614986485964e+00
7.484940532538860047e+00
8.401231264413015154e+00
7.708084083853069757e+00
7.148468295917647097e+00
6.791793351978914650e+00
8.401231264413015154e+00
8.401231264413015154e+00
8.401231264413015154e+00
7.995766156304850547e+00
8.401231264413015154e+00
8.401231264413015154e+00
7.014936903293124359e+00
8.401231264413015154e+00
7.708084083853069757e+00
8.401231264413015154e+00
4.266064707670659040e+00
7.708084083853069757e+00
6.149939465806519401e+00
7.708084083853069757e+00
7.148468295917647097e+00
7.708084083853069757e+00
8.401231264413015154e+00
7.708084083853069757e+00
7.148468295917647097e+00
7.014936903293124359e+00
3.510882136191260994e+00
7.995766156304850547e+00
8.401231264413015154e+00
8.401231264413015154e+00
7.708084083853069757e+00
8.401231264413015154e+00
7.708084083853069757e+00
7.484940532538860047e+00
7.995766156304850547e+00
5.333178329279397722e+00
7.484940532538860047e+00
8.401231264413015154e+00
8.401231264413015154e+00
8.401231264413015154e+00
8.401231264413015154e+00
6.149939465806519401e+00
8.401231264413015154e+00
7.708084083853069757e+00
7.484940532538860047e+00
8.401231264413015154e+00
8.401231264413015154e+00
8.401231264413015154e+00
6.049856007249537093e+00
8.401231264413015154e+00
8.401231264413015154e+00
4.776890331436649539e+00
6.791793351978914650e+00
8.401231264413015154e+00
4.031783411945992768e+00
3.617914893041449531e+00
7.302618975744905150e+00
8.401231264413015154e+00
7.995766156304850547e+00
8.401231264413015154e+00
8.401231264413015154e+00
7.014936903293124359e+00
7.995766156304850547e+00
7.302618975744905150e+00
5.836281906951477971e+00
6.261165100916744386e+00
5.380806378268652601e+00
8.401231264413015154e+00
8.401231264413015154e+00
7.995766156304850547e+00
7.708084083853069757e+00
7.995766156304850547e+00
8.401231264413015154e+00
7.708084083853069757e+00
8.401231264413015154e+00
7.995766156304850547e+00
8.401231264413015154e+00
8.401231264413015154e+00
8.401231264413015154e+00
5.875502620104759544e+00
7.484940532538860047e+00
8.401231264413015154e+00
7.484940532538860047e+00
7.995766156304850547e+00
3.733086279263535090e+00
8.401231264413015154e+00
3.988432971072379374e+00
6.609471795184959753e+00
6.149939465806519401e+00
6.529429087511423369e+00
8.401231264413015154e+00
7.995766156304850547e+00
8.401231264413015154e+00
7.708084083853069757e+00
5.836281906951477971e+00
6.529429087511423369e+00
8.401231264413015154e+00
7.148468295917647097e+00
8.401231264413015154e+00
8.401231264413015154e+00
8.401231264413015154e+00
7.995766156304850547e+00
8.401231264413015154e+00
7.995766156304850547e+00
8.401231264413015154e+00
7.148468295917647097e+00
8.401231264413015154e+00
7.148468295917647097e+00
8.401231264413015154e+00
8.401231264413015154e+00
7.148468295917647097e+00
8.401231264413015154e+00
4.845883202923601196e+00
8.401231264413015154e+00
3.083111270568798190e+00
6.897153867636740543e+00
7.302618975744905150e+00
7.995766156304850547e+00
7.708084083853069757e+00
7.014936903293124359e+00
5.916324614625014355e+00
4.651727188482643882e+00
8.401231264413015154e+00
8.401231264413015154e+00
8.401231264413015154e+00
8.401231264413015154e+00
6.049856007249537093e+00
7.995766156304850547e+00
7.995766156304850547e+00
7.302618975744905150e+00
8.401231264413015154e+00
6.149939465806519401e+00
2.541870557938370023e+00
6.696483172174589882e+00
7.302618975744905150e+00
5.182355439544814146e+00
5.693181063310804646e+00
8.401231264413015154e+00
8.401231264413015154e+00
8.401231264413015154e+00
3.568925505841176182e+00
7.708084083853069757e+00
4.159904511842268171e+00
3.605440718816273815e+00
8.401231264413015154e+00
5.836281906951477971e+00
8.401231264413015154e+00
8.401231264413015154e+00
5.762173934797756303e+00
7.995766156304850547e+00
8.401231264413015154e+00
8.401231264413015154e+00
8.401231264413015154e+00
7.995766156304850547e+00
7.995766156304850547e+00
4.358179996578463999e+00
7.708084083853069757e+00
8.401231264413015154e+00
5.430816798843313364e+00
7.014936903293124359e+00
7.995766156304850547e+00
4.628470326318376848e+00
7.995766156304850547e+00
4.763645104686629494e+00
8.401231264413015154e+00
4.440418094815436589e+00
7.014936903293124359e+00
8.401231264413015154e+00
7.148468295917647097e+00
5.510859506516849748e+00
4.860271940375700872e+00
7.995766156304850547e+00
7.484940532538860047e+00
5.762173934797756303e+00
8.401231264413015154e+00
7.995766156304850547e+00
8.401231264413015154e+00
5.483460532328735759e+00
7.995766156304850547e+00
8.401231264413015154e+00
8.401231264413015154e+00
7.014936903293124359e+00
7.484940532538860047e+00
4.489208258984868749e+00
8.401231264413015154e+00
6.261165100916744386e+00
6.791793351978914650e+00
4.509410966302388246e+00
2.852155179517795069e+00
8.401231264413015154e+00
3.194481091390468652e+00
8.401231264413015154e+00
8.401231264413015154e+00
8.401231264413015154e+00
7.014936903293124359e+00
8.401231264413015154e+00
8.401231264413015154e+00
7.995766156304850547e+00
7.148468295917647097e+00
8.401231264413015154e+00
6.529429087511423369e+00
6.098646171418969253e+00
5.836281906951477971e+00
7.995766156304850547e+00
6.149939465806519401e+00
7.484940532538860047e+00
8.401231264413015154e+00
8.401231264413015154e+00
7.484940532538860047e+00
7.995766156304850547e+00
7.995766156304850547e+00
8.401231264413015154e+00
7.995766156304850547e+00
5.202558146862333643e+00
6.696483172174589882e+00
6.386328243870750043e+00
7.995766156304850547e+00
7.708084083853069757e+00
8.401231264413015154e+00
6.529429087511423369e+00
7.148468295917647097e+00
7.995766156304850547e+00
8.401231264413015154e+00
7.484940532538860047e+00
8.401231264413015154e+00
5.356708826689591696e+00
3.935323145758431007e+00
6.003335991614644485e+00
5.762173934797756303e+00
6.386328243870750043e+00
7.995766156304850547e+00
7.014936903293124359e+00
7.995766156304850547e+00
8.401231264413015154e+00
7.484940532538860047e+00
7.484940532538860047e+00
5.033935434426540567e+00
8.401231264413015154e+00
8.401231264413015154e+00
8.401231264413015154e+00
7.708084083853069757e+00
8.401231264413015154e+00
8.401231264413015154e+00
7.995766156304850547e+00
7.148468295917647097e+00
8.401231264413015154e+00
6.696483172174589882e+00
7.708084083853069757e+00
7.995766156304850547e+00
8.401231264413015154e+00
6.261165100916744386e+00
7.302618975744905150e+00
8.401231264413015154e+00
8.401231264413015154e+00
8.401231264413015154e+00
7.484940532538860047e+00
7.995766156304850547e+00
8.401231264413015154e+00
8.401231264413015154e+00
8.401231264413015154e+00
7.484940532538860047e+00
7.995766156304850547e+00
8.401231264413015154e+00
6.791793351978914650e+00
7.148468295917647097e+00
8.401231264413015154e+00
5.762173934797756303e+00
7.708084083853069757e+00
7.995766156304850547e+00
8.401231264413015154e+00
8.401231264413015154e+00
8.401231264413015154e+00
8.401231264413015154e+00
8.401231264413015154e+00
7.484940532538860047e+00
8.401231264413015154e+00
7.484940532538860047e+00
8.401231264413015154e+00
5.693181063310804646e+00
7.014936903293124359e+00
8.401231264413015154e+00
8.401231264413015154e+00
8.401231264413015154e+00
7.302618975744905150e+00
5.456792285246574004e+00
5.380806378268652601e+00
8.401231264413015154e+00
7.484940532538860047e+00
7.014936903293124359e+00
7.014936903293124359e+00
4.306886702190913851e+00
7.995766156304850547e+00
7.148468295917647097e+00
8.401231264413015154e+00
7.014936903293124359e+00
8.401231264413015154e+00
3.994512017148761807e+00
8.401231264413015154e+00
8.401231264413015154e+00
4.063940523580524378e+00
8.401231264413015154e+00
7.708084083853069757e+00
8.401231264413015154e+00
8.401231264413015154e+00
8.401231264413015154e+00
7.302618975744905150e+00
7.708084083853069757e+00
6.003335991614644485e+00
8.401231264413015154e+00
4.340788253866595170e+00
8.401231264413015154e+00
8.401231264413015154e+00
8.401231264413015154e+00
7.995766156304850547e+00
7.148468295917647097e+00
8.401231264413015154e+00
8.401231264413015154e+00
8.401231264413015154e+00
7.302618975744905150e+00
7.995766156304850547e+00
6.204006687076795146e+00
6.049856007249537093e+00
8.401231264413015154e+00
7.995766156304850547e+00
7.302618975744905150e+00
5.380806378268652601e+00
6.261165100916744386e+00
7.484940532538860047e+00
8.401231264413015154e+00
6.098646171418969253e+00
6.261165100916744386e+00
7.148468295917647097e+00
4.540501553372418897e+00
7.148468295917647097e+00
6.003335991614644485e+00
8.401231264413015154e+00
8.401231264413015154e+00
6.261165100916744386e+00
6.897153867636740543e+00
6.529429087511423369e+00
3.123116605182497452e+00
7.995766156304850547e+00
7.484940532538860047e+00
8.401231264413015154e+00
6.204006687076795146e+00
6.386328243870750043e+00
6.003335991614644485e+00
8.401231264413015154e+00
8.401231264413015154e+00
6.455321115357701700e+00
8.401231264413015154e+00
8.401231264413015154e+00
7.708084083853069757e+00
7.995766156304850547e+00
7.484940532538860047e+00
8.401231264413015154e+00
8.401231264413015154e+00
6.386328243870750043e+00
7.995766156304850547e+00
8.401231264413015154e+00
7.484940532538860047e+00
8.401231264413015154e+00
8.401231264413015154e+00
4.919991175077322865e+00
7.995766156304850547e+00
7.302618975744905150e+00
8.401231264413015154e+00
8.401231264413015154e+00
3.879442687363974240e+00
6.897153867636740543e+00
4.663561646129646299e+00
8.401231264413015154e+00
8.401231264413015154e+00
5.836281906951477971e+00
6.149939465806519401e+00
8.401231264413015154e+00
7.708084083853069757e+00
8.401231264413015154e+00
7.995766156304850547e+00
8.401231264413015154e+00
7.302618975744905150e+00
7.302618975744905150e+00
8.401231264413015154e+00
7.148468295917647097e+00
4.750573023119276428e+00
3.988432971072379374e+00
3.696215743455207203e+00
5.069026754237810906e+00
8.401231264413015154e+00
8.401231264413015154e+00
8.401231264413015154e+00
7.708084083853069757e+00
8.401231264413015154e+00
3.383951427598090422e+00
8.401231264413015154e+00
8.401231264413015154e+00
7.995766156304850547e+00
6.321789722733178962e+00
8.401231264413015154e+00
8.401231264413015154e+00
8.401231264413015154e+00
7.708084083853069757e+00
6.696483172174589882e+00
7.995766156304850547e+00
6.609471795184959753e+00
8.401231264413015154e+00
4.340788253866595170e+00
8.401231264413015154e+00
6.609471795184959753e+00
6.386328243870750043e+00
7.995766156304850547e+00
8.401231264413015154e+00
8.401231264413015154e+00
5.310188811054699087e+00
7.148468295917647097e+00
7.708084083853069757e+00
7.302618975744905150e+00
8.401231264413015154e+00
7.995766156304850547e+00
3.976384632556205112e+00
8.401231264413015154e+00
6.149939465806519401e+00
8.401231264413015154e+00
8.401231264413015154e+00
6.455321115357701700e+00
7.014936903293124359e+00
7.995766156304850547e+00
8.401231264413015154e+00
5.244230843262901232e+00
7.302618975744905150e+00
7.995766156304850547e+00
8.401231264413015154e+00
8.401231264413015154e+00
7.708084083853069757e+00
7.995766156304850547e+00
8.401231264413015154e+00
7.995766156304850547e+00
5.265737048483865479e+00
8.401231264413015154e+00
7.995766156304850547e+00
6.049856007249537093e+00
8.401231264413015154e+00
8.401231264413015154e+00
7.014936903293124359e+00
8.401231264413015154e+00
8.401231264413015154e+00
6.455321115357701700e+00
8.401231264413015154e+00
6.609471795184959753e+00
8.401231264413015154e+00
8.401231264413015154e+00
8.401231264413015154e+00
6.609471795184959753e+00
8.401231264413015154e+00
7.484940532538860047e+00
7.014936903293124359e+00
7.708084083853069757e+00
8.401231264413015154e+00
7.995766156304850547e+00
7.302618975744905150e+00
5.798541578968630539e+00
6.098646171418969253e+00
8.401231264413015154e+00
7.708084083853069757e+00
4.699929290300521423e+00
7.995766156304850547e+00
4.561778951819704275e+00
8.401231264413015154e+00
4.617041630494753690e+00
8.401231264413015154e+00
8.401231264413015154e+00
7.708084083853069757e+00
4.874870739796853591e+00
6.149939465806519401e+00
8.401231264413015154e+00
8.401231264413015154e+00
8.401231264413015154e+00
7.708084083853069757e+00
8.401231264413015154e+00
7.708084083853069757e+00
5.693181063310804646e+00
8.401231264413015154e+00
7.995766156304850547e+00
7.014936903293124359e+00
6.321789722733178962e+00
6.149939465806519401e+00
7.014936903293124359e+00
7.995766156304850547e+00
8.401231264413015154e+00
6.696483172174589882e+00
7.708084083853069757e+00
8.401231264413015154e+00
7.995766156304850547e+00
7.995766156304850547e+00
8.401231264413015154e+00
8.401231264413015154e+00
8.401231264413015154e+00
8.401231264413015154e+00
7.014936903293124359e+00
5.087045259740489378e+00
7.302618975744905150e+00
6.609471795184959753e+00
8.401231264413015154e+00
7.708084083853069757e+00
5.958884229043809988e+00
8.401231264413015154e+00
8.401231264413015154e+00
5.798541578968630539e+00
5.265737048483865479e+00
8.401231264413015154e+00
8.401231264413015154e+00
6.696483172174589882e+00
6.609471795184959753e+00
7.995766156304850547e+00
7.995766156304850547e+00
4.583518938456109915e+00
7.708084083853069757e+00
8.401231264413015154e+00
6.049856007249537093e+00
6.696483172174589882e+00
8.401231264413015154e+00
8.401231264413015154e+00
7.995766156304850547e+00
4.790313351768790362e+00
8.401231264413015154e+00
8.401231264413015154e+00
8.401231264413015154e+00
6.386328243870750043e+00
8.401231264413015154e+00
7.995766156304850547e+00
7.995766156304850547e+00
8.401231264413015154e+00
7.302618975744905150e+00
6.897153867636740543e+00
7.708084083853069757e+00
7.995766156304850547e+00
8.401231264413015154e+00
8.401231264413015154e+00
7.995766156304850547e+00
7.302618975744905150e+00
7.995766156304850547e+00
8.401231264413015154e+00
4.712351810299078458e+00
6.609471795184959753e+00
5.628642542173233565e+00
6.897153867636740543e+00
7.484940532538860047e+00
8.401231264413015154e+00
7.995766156304850547e+00
7.302618975744905150e+00
6.455321115357701700e+00
7.995766156304850547e+00
7.484940532538860047e+00
7.484940532538860047e+00
3.274295514620598091e+00
8.401231264413015154e+00
8.401231264413015154e+00
2.945910149055313454e+00
8.401231264413015154e+00
7.484940532538860047e+00
8.401231264413015154e+00
8.401231264413015154e+00
8.401231264413015154e+00
8.401231264413015154e+00
7.148468295917647097e+00
8.401231264413015154e+00
8.401231264413015154e+00
8.401231264413015154e+00
6.529429087511423369e+00
7.995766156304850547e+00
8.401231264413015154e+00
7.995766156304850547e+00
8.401231264413015154e+00
6.696483172174589882e+00
7.014936903293124359e+00
8.401231264413015154e+00
5.539030383483546593e+00
8.401231264413015154e+00
4.699929290300521423e+00
6.897153867636740543e+00
8.401231264413015154e+00
7.014936903293124359e+00
7.708084083853069757e+00
8.401231264413015154e+00
7.302618975744905150e+00
7.708084083853069757e+00
8.401231264413015154e+00
7.995766156304850547e+00
6.791793351978914650e+00
5.000033882750859249e+00
8.401231264413015154e+00
7.708084083853069757e+00
6.455321115357701700e+00
8.401231264413015154e+00
7.148468295917647097e+00
6.696483172174589882e+00
8.401231264413015154e+00
5.287715955202640039e+00
8.401231264413015154e+00
8.401231264413015154e+00
6.098646171418969253e+00
8.401231264413015154e+00
8.401231264413015154e+00
8.401231264413015154e+00
5.836281906951477971e+00
7.995766156304850547e+00
6.321789722733178962e+00
8.401231264413015154e+00
2.899973053868287742e+00
3.791073536913884379e+00
8.401231264413015154e+00
8.401231264413015154e+00
5.568017920356798989e+00
8.401231264413015154e+00
7.484940532538860047e+00
8.401231264413015154e+00
8.401231264413015154e+00
8.401231264413015154e+00
8.401231264413015154e+00
7.995766156304850547e+00
8.401231264413015154e+00
8.401231264413015154e+00
7.995766156304850547e+00
8.401231264413015154e+00
7.995766156304850547e+00
8.401231264413015154e+00
7.484940532538860047e+00
7.995766156304850547e+00
7.995766156304850547e+00
7.995766156304850547e+00
7.302618975744905150e+00
4.479257928131699984e+00
7.995766156304850547e+00
7.484940532538860047e+00
7.708084083853069757e+00
7.148468295917647097e+00
7.995766156304850547e+00
8.401231264413015154e+00
7.484940532538860047e+00
8.401231264413015154e+00
4.776890331436649539e+00
6.791793351978914650e+00
6.791793351978914650e+00
8.401231264413015154e+00
7.995766156304850547e+00
4.012974079988497422e+00
8.401231264413015154e+00
7.995766156304850547e+00
5.539030383483546593e+00
7.995766156304850547e+00
7.995766156304850547e+00
7.995766156304850547e+00
8.401231264413015154e+00
7.995766156304850547e+00
8.401231264413015154e+00
6.696483172174589882e+00
8.401231264413015154e+00
7.014936903293124359e+00
8.401231264413015154e+00
8.401231264413015154e+00
7.302618975744905150e+00
6.003335991614644485e+00
8.401231264413015154e+00
4.967244059927867994e+00
6.529429087511423369e+00
8.401231264413015154e+00
7.708084083853069757e+00
8.401231264413015154e+00
8.401231264413015154e+00
7.995766156304850547e+00
4.449987545831587177e+00
6.791793351978914650e+00
8.401231264413015154e+00
7.995766156304850547e+00
8.401231264413015154e+00
7.484940532538860047e+00
8.401231264413015154e+00
7.995766156304850547e+00
8.401231264413015154e+00
8.401231264413015154e+00
8.401231264413015154e+00
7.995766156304850547e+00
8.401231264413015154e+00
6.049856007249537093e+00
8.401231264413015154e+00
4.831698567931644206e+00
7.708084083853069757e+00
3.630546639947350052e+00
8.401231264413015154e+00
8.401231264413015154e+00
8.401231264413015154e+00
8.401231264413015154e+00
8.401231264413015154e+00
5.628642542173233565e+00
7.995766156304850547e+00
8.401231264413015154e+00
8.401231264413015154e+00
7.484940532538860047e+00
6.321789722733178962e+00
3.564949357461536739e+00
7.302618975744905150e+00
8.401231264413015154e+00
5.597870883506479878e+00
7.995766156304850547e+00
7.995766156304850547e+00
4.110771823264624203e+00
6.897153867636740543e+00
7.708084083853069757e+00
8.401231264413015154e+00
8.401231264413015154e+00
6.791793351978914650e+00
6.003335991614644485e+00
8.401231264413015154e+00
8.401231264413015154e+00
8.401231264413015154e+00
8.401231264413015154e+00
7.995766156304850547e+00
8.401231264413015154e+00
7.995766156304850547e+00
8.401231264413015154e+00
8.401231264413015154e+00
8.401231264413015154e+00
7.014936903293124359e+00
7.484940532538860047e+00
8.401231264413015154e+00
5.456792285246574004e+00
8.401231264413015154e+00
7.708084083853069757e+00
2.671131481439440236e+00
7.484940532538860047e+00
8.401231264413015154e+00
8.401231264413015154e+00
7.484940532538860047e+00
7.995766156304850547e+00
7.995766156304850547e+00
7.484940532538860047e+00
7.708084083853069757e+00
7.708084083853069757e+00
6.455321115357701700e+00
8.401231264413015154e+00
6.791793351978914650e+00
8.401231264413015154e+00
8.401231264413015154e+00
6.696483172174589882e+00
8.401231264413015154e+00
7.995766156304850547e+00
8.401231264413015154e+00
8.401231264413015154e+00
8.401231264413015154e+00
5.727082614986485964e+00
8.401231264413015154e+00
8.401231264413015154e+00
8.401231264413015154e+00
6.321789722733178962e+00
8.401231264413015154e+00
8.401231264413015154e+00
7.995766156304850547e+00
8.401231264413015154e+00
6.149939465806519401e+00
4.817712325956904351e+00
7.484940532538860047e+00
6.791793351978914650e+00
6.204006687076795146e+00
7.995766156304850547e+00
5.836281906951477971e+00
5.356708826689591696e+00
6.386328243870750043e+00
8.401231264413015154e+00
8.401231264413015154e+00
8.401231264413015154e+00
8.401231264413015154e+00
8.401231264413015154e+00
8.401231264413015154e+00
8.401231264413015154e+00
8.401231264413015154e+00
7.148468295917647097e+00
7.302618975744905150e+00
8.401231264413015154e+00
8.401231264413015154e+00
5.875502620104759544e+00
8.401231264413015154e+00
7.708084083853069757e+00
7.014936903293124359e+00
7.302618975744905150e+00
7.484940532538860047e+00
8.401231264413015154e+00
8.401231264413015154e+00
7.708084083853069757e+00
8.401231264413015154e+00
6.261165100916744386e+00
7.708084083853069757e+00
7.708084083853069757e+00
8.401231264413015154e+00
8.401231264413015154e+00
8.401231264413015154e+00
8.401231264413015154e+00
7.708084083853069757e+00
7.995766156304850547e+00
7.302618975744905150e+00
8.401231264413015154e+00
6.791793351978914650e+00
7.484940532538860047e+00
6.791793351978914650e+00
7.302618975744905150e+00
8.401231264413015154e+00
7.484940532538860047e+00
5.162552812248634382e+00
6.897153867636740543e+00
7.708084083853069757e+00
7.484940532538860047e+00
3.593120234428233140e+00
7.302618975744905150e+00
3.088025285371227557e+00
7.302618975744905150e+00
6.609471795184959753e+00
8.401231264413015154e+00
8.401231264413015154e+00
7.995766156304850547e+00
8.401231264413015154e+00
7.302618975744905150e+00
8.401231264413015154e+00
7.708084083853069757e+00
7.995766156304850547e+00
8.401231264413015154e+00
8.401231264413015154e+00
6.321789722733178962e+00
6.261165100916744386e+00
8.401231264413015154e+00
7.708084083853069757e+00
8.401231264413015154e+00
6.897153867636740543e+00
6.897153867636740543e+00
7.302618975744905150e+00
7.995766156304850547e+00
7.302618975744905150e+00
2.812111698076953381e+00
6.098646171418969253e+00
7.484940532538860047e+00
8.401231264413015154e+00
8.401231264413015154e+00
8.401231264413015154e+00
8.401231264413015154e+00
7.995766156304850547e+00
7.014936903293124359e+00
7.708084083853069757e+00
7.302618975744905150e+00
7.995766156304850547e+00
8.401231264413015154e+00
8.401231264413015154e+00
8.401231264413015154e+00
8.401231264413015154e+00
8.401231264413015154e+00
8.401231264413015154e+00
8.401231264413015154e+00
7.995766156304850547e+00
7.148468295917647097e+00
7.995766156304850547e+00
5.836281906951477971e+00
7.995766156304850547e+00
7.995766156304850547e+00
8.401231264413015154e+00
8.401231264413015154e+00
7.995766156304850547e+00
7.995766156304850547e+00
6.696483172174589882e+00
8.401231264413015154e+00
8.401231264413015154e+00
5.510859506516849748e+00
5.333178329279397722e+00
7.995766156304850547e+00
8.401231264413015154e+00
8.401231264413015154e+00
4.763645104686629494e+00
8.401231264413015154e+00
8.401231264413015154e+00
7.708084083853069757e+00
7.708084083853069757e+00
8.401231264413015154e+00
8.401231264413015154e+00
7.014936903293124359e+00
7.708084083853069757e+00
7.995766156304850547e+00
8.401231264413015154e+00
6.609471795184959753e+00
4.031783411945992768e+00
7.302618975744905150e+00
8.401231264413015154e+00
7.014936903293124359e+00
8.401231264413015154e+00
8.401231264413015154e+00
8.401231264413015154e+00
7.484940532538860047e+00
7.302618975744905150e+00
4.951243718581427089e+00
6.897153867636740543e+00
8.401231264413015154e+00
6.455321115357701700e+00
5.539030383483546593e+00
7.995766156304850547e+00
6.149939465806519401e+00
6.696483172174589882e+00
7.014936903293124359e+00
7.302618975744905150e+00
7.148468295917647097e+00
7.708084083853069757e+00
8.401231264413015154e+00
7.995766156304850547e+00
7.708084083853069757e+00
4.258096538021481692e+00
6.455321115357701700e+00
5.405498990859023856e+00
8.401231264413015154e+00
7.995766156304850547e+00
7.484940532538860047e+00
8.401231264413015154e+00
8.401231264413015154e+00
7.995766156304850547e+00
8.401231264413015154e+00
7.995766156304850547e+00
5.223177434065068958e+00
5.628642542173233565e+00
6.791793351978914650e+00
7.995766156304850547e+00
7.484940532538860047e+00
6.897153867636740543e+00
7.708084083853069757e+00
7.708084083853069757e+00
7.302618975744905150e+00
8.401231264413015154e+00
7.148468295917647097e+00
8.401231264413015154e+00
5.456792285246574004e+00
7.995766156304850547e+00
7.708084083853069757e+00
8.401231264413015154e+00
5.693181063310804646e+00
8.401231264413015154e+00
7.484940532538860047e+00
7.484940532538860047e+00
8.401231264413015154e+00
8.401231264413015154e+00
6.696483172174589882e+00
7.995766156304850547e+00
8.401231264413015154e+00
8.401231264413015154e+00
8.401231264413015154e+00
8.401231264413015154e+00
7.148468295917647097e+00
8.401231264413015154e+00
7.995766156304850547e+00
8.401231264413015154e+00
8.401231264413015154e+00
5.798541578968630539e+00
7.708084083853069757e+00
7.302618975744905150e+00
7.148468295917647097e+00
8.401231264413015154e+00
4.469405631688688985e+00
8.401231264413015154e+00
8.401231264413015154e+00
6.261165100916744386e+00
7.708084083853069757e+00
5.539030383483546593e+00
5.483460532328735759e+00
5.105394398408686030e+00
8.401231264413015154e+00
6.609471795184959753e+00
5.660391240487813391e+00
8.401231264413015154e+00
7.302618975744905150e+00
8.401231264413015154e+00
8.401231264413015154e+00
6.609471795184959753e+00
8.401231264413015154e+00
8.401231264413015154e+00
7.484940532538860047e+00
8.401231264413015154e+00
6.791793351978914650e+00
7.995766156304850547e+00
7.148468295917647097e+00
7.302618975744905150e+00
6.897153867636740543e+00
8.401231264413015154e+00
6.529429087511423369e+00
7.014936903293124359e+00
8.401231264413015154e+00
6.791793351978914650e+00
6.455321115357701700e+00
4.266064707670659040e+00
7.708084083853069757e+00
8.401231264413015154e+00
8.401231264413015154e+00
6.529429087511423369e+00
5.539030383483546593e+00
8.401231264413015154e+00
6.791793351978914650e+00
6.386328243870750043e+00
8.401231264413015154e+00
8.401231264413015154e+00
7.995766156304850547e+00
8.401231264413015154e+00
7.148468295917647097e+00
8.401231264413015154e+00
7.995766156304850547e+00
6.261165100916744386e+00
8.401231264413015154e+00
8.401231264413015154e+00
7.995766156304850547e+00
6.098646171418969253e+00
7.708084083853069757e+00
7.995766156304850547e+00
8.401231264413015154e+00
7.995766156304850547e+00
7.708084083853069757e+00
8.401231264413015154e+00
6.455321115357701700e+00
8.401231264413015154e+00
7.708084083853069757e+00
7.484940532538860047e+00
6.696483172174589882e+00
8.401231264413015154e+00
7.484940532538860047e+00
7.014936903293124359e+00
7.708084083853069757e+00
4.889685825581993939e+00
7.995766156304850547e+00
7.995766156304850547e+00
8.401231264413015154e+00
8.401231264413015154e+00
7.995766156304850547e+00
7.708084083853069757e+00
7.484940532538860047e+00
5.124086531420838142e+00
7.995766156304850547e+00
3.634792930828801172e+00
8.401231264413015154e+00
7.708084083853069757e+00
7.995766156304850547e+00
7.302618975744905150e+00
5.875502620104759544e+00
4.159904511842268171e+00
8.401231264413015154e+00
8.401231264413015154e+00
6.529429087511423369e+00
6.897153867636740543e+00
6.791793351978914650e+00
8.401231264413015154e+00
8.401231264413015154e+00
8.401231264413015154e+00
8.401231264413015154e+00
8.401231264413015154e+00
8.401231264413015154e+00
7.484940532538860047e+00
6.261165100916744386e+00
6.791793351978914650e+00
7.995766156304850547e+00
8.401231264413015154e+00
8.401231264413015154e+00
8.401231264413015154e+00
8.401231264413015154e+00
6.791793351978914650e+00
8.401231264413015154e+00
7.708084083853069757e+00
8.401231264413015154e+00
7.708084083853069757e+00
8.401231264413015154e+00
4.366990626260619734e+00
5.660391240487813391e+00
8.401231264413015154e+00
7.302618975744905150e+00
8.401231264413015154e+00
8.401231264413015154e+00
6.149939465806519401e+00
8.401231264413015154e+00
5.628642542173233565e+00
8.401231264413015154e+00
8.401231264413015154e+00
8.401231264413015154e+00
8.401231264413015154e+00
7.484940532538860047e+00
8.401231264413015154e+00
4.258096538021481692e+00
8.401231264413015154e+00
8.401231264413015154e+00
7.708084083853069757e+00
5.568017920356798989e+00
7.995766156304850547e+00
6.529429087511423369e+00
8.401231264413015154e+00
6.386328243870750043e+00
7.708084083853069757e+00
7.302618975744905150e+00
7.995766156304850547e+00
8.401231264413015154e+00
7.014936903293124359e+00
8.401231264413015154e+00
7.148468295917647097e+00
7.995766156304850547e+00
8.401231264413015154e+00
7.484940532538860047e+00
8.401231264413015154e+00
5.916324614625014355e+00
7.484940532538860047e+00
6.455321115357701700e+00
8.401231264413015154e+00
7.708084083853069757e+00
7.484940532538860047e+00
7.484940532538860047e+00
7.484940532538860047e+00
8.401231264413015154e+00
7.302618975744905150e+00
6.321789722733178962e+00
6.529429087511423369e+00
7.148468295917647097e+00
8.401231264413015154e+00
7.708084083853069757e+00
8.401231264413015154e+00
8.401231264413015154e+00
7.995766156304850547e+00
5.333178329279397722e+00
8.401231264413015154e+00
8.401231264413015154e+00
4.145618554594792116e+00
5.660391240487813391e+00
7.484940532538860047e+00
7.995766156304850547e+00
8.401231264413015154e+00
8.401231264413015154e+00
6.149939465806519401e+00
8.401231264413015154e+00
7.014936903293124359e+00
8.401231264413015154e+00
8.401231264413015154e+00
8.401231264413015154e+00
8.401231264413015154e+00
5.244230843262901232e+00
5.033935434426540567e+00
5.628642542173233565e+00
7.014936903293124359e+00
7.995766156304850547e+00
5.660391240487813391e+00
8.401231264413015154e+00
6.696483172174589882e+00
6.003335991614644485e+00
8.401231264413015154e+00
8.401231264413015154e+00
8.401231264413015154e+00
6.529429087511423369e+00
8.401231264413015154e+00
8.401231264413015154e+00
7.484940532538860047e+00
8.401231264413015154e+00
7.708084083853069757e+00
8.401231264413015154e+00
8.401231264413015154e+00
2.467660695723935316e+00
6.386328243870750043e+00
7.995766156304850547e+00
8.401231264413015154e+00
5.105394398408686030e+00
8.401231264413015154e+00
6.455321115357701700e+00
7.995766156304850547e+00
6.609471795184959753e+00
8.401231264413015154e+00
5.875502620104759544e+00
8.401231264413015154e+00
7.708084083853069757e+00
7.995766156304850547e+00
4.403030562743816212e+00
6.386328243870750043e+00
8.401231264413015154e+00
8.401231264413015154e+00
7.995766156304850547e+00
8.401231264413015154e+00
6.696483172174589882e+00
8.401231264413015154e+00
7.484940532538860047e+00
8.401231264413015154e+00
7.708084083853069757e+00
8.401231264413015154e+00
8.401231264413015154e+00
8.401231264413015154e+00
7.995766156304850547e+00
6.791793351978914650e+00
8.401231264413015154e+00
7.995766156304850547e+00
7.708084083853069757e+00
7.708084083853069757e+00
5.762173934797756303e+00
8.401231264413015154e+00
7.995766156304850547e+00
8.401231264413015154e+00
7.484940532538860047e+00
8.401231264413015154e+00
6.321789722733178962e+00
6.149939465806519401e+00
8.401231264413015154e+00
8.401231264413015154e+00
8.401231264413015154e+00
7.484940532538860047e+00
6.261165100916744386e+00
8.401231264413015154e+00
8.401231264413015154e+00
7.995766156304850547e+00
7.708084083853069757e+00
8.401231264413015154e+00
8.401231264413015154e+00
6.204006687076795146e+00
8.401231264413015154e+00
7.708084083853069757e+00
6.529429087511423369e+00
7.014936903293124359e+00
7.484940532538860047e+00
8.401231264413015154e+00
8.401231264413015154e+00
7.014936903293124359e+00
5.628642542173233565e+00
7.484940532538860047e+00
7.708084083853069757e+00
8.401231264413015154e+00
7.708084083853069757e+00
7.995766156304850547e+00
7.708084083853069757e+00
8.401231264413015154e+00
8.401231264413015154e+00
8.401231264413015154e+00
7.708084083853069757e+00
8.401231264413015154e+00
7.484940532538860047e+00
7.302618975744905150e+00
7.302618975744905150e+00
5.483460532328735759e+00
6.261165100916744386e+00
7.995766156304850547e+00
8.401231264413015154e+00
8.401231264413015154e+00
8.401231264413015154e+00
7.484940532538860047e+00
6.609471795184959753e+00
8.401231264413015154e+00
4.366990626260619734e+00
7.995766156304850547e+00
8.401231264413015154e+00
8.401231264413015154e+00
8.401231264413015154e+00
7.995766156304850547e+00
8.401231264413015154e+00
6.098646171418969253e+00
8.401231264413015154e+00
7.484940532538860047e+00
5.727082614986485964e+00
8.401231264413015154e+00
7.708084083853069757e+00
7.708084083853069757e+00
8.401231264413015154e+00
7.014936903293124359e+00
8.401231264413015154e+00
8.401231264413015154e+00
8.401231264413015154e+00
7.708084083853069757e+00
7.995766156304850547e+00
7.148468295917647097e+00
8.401231264413015154e+00
8.401231264413015154e+00
3.456023775639214257e+00
7.302618975744905150e+00
5.310188811054699087e+00
7.014936903293124359e+00
8.401231264413015154e+00
2.212967141330424603e+00
7.484940532538860047e+00
8.401231264413015154e+00
7.995766156304850547e+00
6.204006687076795146e+00
6.204006687076795146e+00
6.098646171418969253e+00
5.539030383483546593e+00
6.049856007249537093e+00
2.666273172288363913e+00
7.995766156304850547e+00
4.967244059927867994e+00
4.919991175077322865e+00
8.401231264413015154e+00
5.762173934797756303e+00
7.995766156304850547e+00
7.148468295917647097e+00
6.204006687076795146e+00
6.609471795184959753e+00
7.995766156304850547e+00
3.847354372812473944e+00
8.401231264413015154e+00
7.708084083853069757e+00
8.401231264413015154e+00
7.995766156304850547e+00
8.401231264413015154e+00
8.401231264413015154e+00
3.801073620248467400e+00
7.995766156304850547e+00
8.401231264413015154e+00
8.401231264413015154e+00
7.708084083853069757e+00
3.080663288930158394e+00
8.401231264413015154e+00
4.617041630494753690e+00
8.401231264413015154e+00
8.401231264413015154e+00
8.401231264413015154e+00
8.401231264413015154e+00
8.401231264413015154e+00
8.401231264413015154e+00
6.791793351978914650e+00
7.148468295917647097e+00
8.401231264413015154e+00
8.401231264413015154e+00
7.484940532538860047e+00
8.401231264413015154e+00
5.693181063310804646e+00
7.995766156304850547e+00
8.401231264413015154e+00
5.568017920356798989e+00
6.897153867636740543e+00
7.148468295917647097e+00
7.995766156304850547e+00
7.014936903293124359e+00
7.484940532538860047e+00
6.696483172174589882e+00
6.609471795184959753e+00
8.401231264413015154e+00
8.401231264413015154e+00
7.995766156304850547e+00
7.708084083853069757e+00
8.401231264413015154e+00
7.484940532538860047e+00
4.919991175077322865e+00
7.148468295917647097e+00
6.204006687076795146e+00
7.995766156304850547e+00
8.401231264413015154e+00
7.995766156304850547e+00
5.356708826689591696e+00
8.401231264413015154e+00
8.401231264413015154e+00
7.484940532538860047e+00
7.708084083853069757e+00
4.219181121771808485e+00
8.401231264413015154e+00
8.401231264413015154e+00
8.401231264413015154e+00
8.401231264413015154e+00
7.995766156304850547e+00
8.401231264413015154e+00
8.401231264413015154e+00
7.708084083853069757e+00
8.401231264413015154e+00
8.401231264413015154e+00
5.405498990859023856e+00
8.401231264413015154e+00
7.148468295917647097e+00
6.386328243870750043e+00
8.401231264413015154e+00
8.401231264413015154e+00
7.995766156304850547e+00
8.401231264413015154e+00
7.302618975744905150e+00
7.014936903293124359e+00
7.995766156304850547e+00
8.401231264413015154e+00
8.401231264413015154e+00
8.401231264413015154e+00
8.401231264413015154e+00
7.995766156304850547e+00
8.401231264413015154e+00
6.791793351978914650e+00
8.401231264413015154e+00
6.609471795184959753e+00
8.401231264413015154e+00
8.401231264413015154e+00
6.529429087511423369e+00
8.401231264413015154e+00
8.401231264413015154e+00
8.401231264413015154e+00
6.261165100916744386e+00
8.401231264413015154e+00
8.401231264413015154e+00
8.401231264413015154e+00
7.995766156304850547e+00
8.401231264413015154e+00
8.401231264413015154e+00
6.321789722733178962e+00
8.401231264413015154e+00
7.484940532538860047e+00
5.958884229043809988e+00
7.014936903293124359e+00
7.708084083853069757e+00
7.484940532538860047e+00
5.202558146862333643e+00
6.529429087511423369e+00
7.014936903293124359e+00
8.401231264413015154e+00
8.401231264413015154e+00
8.401231264413015154e+00
8.401231264413015154e+00
7.708084083853069757e+00
8.401231264413015154e+00
7.708084083853069757e+00
7.708084083853069757e+00
8.401231264413015154e+00
8.401231264413015154e+00
5.143134726391532574e+00
6.696483172174589882e+00
7.302618975744905150e+00
6.897153867636740543e+00
6.455321115357701700e+00
7.708084083853069757e+00
6.696483172174589882e+00
6.149939465806519401e+00
6.386328243870750043e+00
6.149939465806519401e+00
8.401231264413015154e+00
6.609471795184959753e+00
5.693181063310804646e+00
6.696483172174589882e+00
7.484940532538860047e+00
7.708084083853069757e+00
8.401231264413015154e+00
8.401231264413015154e+00
7.995766156304850547e+00
7.014936903293124359e+00
8.401231264413015154e+00
7.995766156304850547e+00
7.995766156304850547e+00
6.897153867636740543e+00
7.708084083853069757e+00
5.087045259740489378e+00
8.401231264413015154e+00
6.897153867636740543e+00
7.708084083853069757e+00
5.333178329279397722e+00
8.401231264413015154e+00
8.401231264413015154e+00
8.401231264413015154e+00
7.014936903293124359e+00
6.149939465806519401e+00
6.696483172174589882e+00
8.401231264413015154e+00
8.401231264413015154e+00
8.401231264413015154e+00
7.708084083853069757e+00
8.401231264413015154e+00
8.401231264413015154e+00
7.302618975744905150e+00
7.995766156304850547e+00
8.401231264413015154e+00
7.995766156304850547e+00
6.791793351978914650e+00
7.484940532538860047e+00
4.242348181053342770e+00
8.401231264413015154e+00
8.401231264413015154e+00
7.014936903293124359e+00
7.995766156304850547e+00
8.401231264413015154e+00
7.484940532538860047e+00
4.889685825581993939e+00
7.484940532538860047e+00
7.995766156304850547e+00
7.995766156304850547e+00
7.995766156304850547e+00
8.401231264413015154e+00
7.995766156304850547e+00
7.302618975744905150e+00
5.124086531420838142e+00
8.401231264413015154e+00
7.014936903293124359e+00
7.708084083853069757e+00
4.860271940375700872e+00
7.995766156304850547e+00
7.484940532538860047e+00
7.302618975744905150e+00
8.401231264413015154e+00
8.401231264413015154e+00
8.401231264413015154e+00
8.401231264413015154e+00
7.484940532538860047e+00
7.995766156304850547e+00
7.708084083853069757e+00
6.609471795184959753e+00
8.401231264413015154e+00
8.401231264413015154e+00
8.401231264413015154e+00
8.401231264413015154e+00
4.874870739796853591e+00
8.401231264413015154e+00
7.708084083853069757e+00
7.484940532538860047e+00
8.401231264413015154e+00
7.708084083853069757e+00
8.401231264413015154e+00
6.791793351978914650e+00
8.401231264413015154e+00
7.995766156304850547e+00
7.302618975744905150e+00
8.401231264413015154e+00
5.483460532328735759e+00
2.899973053868287742e+00
8.401231264413015154e+00
8.401231264413015154e+00
7.995766156304850547e+00
8.401231264413015154e+00
8.401231264413015154e+00
7.995766156304850547e+00
8.401231264413015154e+00
7.484940532538860047e+00
8.401231264413015154e+00
3.414205835955892887e+00
8.401231264413015154e+00
4.737669618283367967e+00
5.660391240487813391e+00
8.401231264413015154e+00
7.995766156304850547e+00
4.967244059927867994e+00
4.712351810299078458e+00
8.401231264413015154e+00
7.995766156304850547e+00
7.014936903293124359e+00
7.995766156304850547e+00
7.148468295917647097e+00
8.401231264413015154e+00
7.995766156304850547e+00
8.401231264413015154e+00
7.995766156304850547e+00
7.995766156304850547e+00
7.995766156304850547e+00
7.995766156304850547e+00
8.401231264413015154e+00
7.995766156304850547e+00
8.401231264413015154e+00
5.405498990859023856e+00
8.401231264413015154e+00
8.401231264413015154e+00
8.401231264413015154e+00
8.401231264413015154e+00
8.401231264413015154e+00
5.875502620104759544e+00
8.401231264413015154e+00
7.708084083853069757e+00
7.708084083853069757e+00
6.386328243870750043e+00
8.401231264413015154e+00
8.401231264413015154e+00
8.401231264413015154e+00
8.401231264413015154e+00
7.995766156304850547e+00
8.401231264413015154e+00
7.302618975744905150e+00
7.302618975744905150e+00
8.401231264413015154e+00
8.401231264413015154e+00
8.401231264413015154e+00
7.708084083853069757e+00
8.401231264413015154e+00
8.401231264413015154e+00
8.401231264413015154e+00
5.182355439544814146e+00
7.995766156304850547e+00
7.014936903293124359e+00
7.995766156304850547e+00
8.401231264413015154e+00
8.401231264413015154e+00
8.401231264413015154e+00
8.401231264413015154e+00
8.401231264413015154e+00
5.762173934797756303e+00
7.995766156304850547e+00
7.995766156304850547e+00
6.049856007249537093e+00
3.976384632556205112e+00
5.727082614986485964e+00
8.401231264413015154e+00
3.572917527110713642e+00
7.995766156304850547e+00
8.401231264413015154e+00
8.401231264413015154e+00
8.401231264413015154e+00
8.401231264413015154e+00
7.995766156304850547e+00
6.049856007249537093e+00
8.401231264413015154e+00
8.401231264413015154e+00
8.401231264413015154e+00
8.401231264413015154e+00
8.401231264413015154e+00
8.401231264413015154e+00
6.609471795184959753e+00
8.401231264413015154e+00
8.401231264413015154e+00
8.401231264413015154e+00
8.401231264413015154e+00
5.033935434426540567e+00
8.401231264413015154e+00
7.995766156304850547e+00
8.401231264413015154e+00
6.149939465806519401e+00
7.708084083853069757e+00
7.014936903293124359e+00
7.708084083853069757e+00
8.401231264413015154e+00
7.708084083853069757e+00
7.995766156304850547e+00
6.529429087511423369e+00
7.302618975744905150e+00
7.995766156304850547e+00
6.455321115357701700e+00
7.995766156304850547e+00
6.321789722733178962e+00
8.401231264413015154e+00
5.958884229043809988e+00
8.401231264413015154e+00
8.401231264413015154e+00
7.995766156304850547e+00
7.302618975744905150e+00
5.539030383483546593e+00
8.401231264413015154e+00
8.401231264413015154e+00
6.696483172174589882e+00
7.708084083853069757e+00
7.995766156304850547e+00
7.708084083853069757e+00
6.455321115357701700e+00
8.401231264413015154e+00
8.401231264413015154e+00
7.484940532538860047e+00
8.401231264413015154e+00
8.401231264413015154e+00
5.958884229043809988e+00
7.708084083853069757e+00
7.484940532538860047e+00
4.050953328053713776e+00
5.430816798843313364e+00
7.995766156304850547e+00
8.401231264413015154e+00
6.204006687076795146e+00
5.628642542173233565e+00
8.401231264413015154e+00
8.401231264413015154e+00
8.401231264413015154e+00
7.995766156304850547e+00
8.401231264413015154e+00
6.098646171418969253e+00
7.708084083853069757e+00
4.234566040611287718e+00
5.087045259740489378e+00
8.401231264413015154e+00
7.995766156304850547e+00
7.708084083853069757e+00
7.148468295917647097e+00
7.484940532538860047e+00
6.003335991614644485e+00
4.499258594838369874e+00
6.261165100916744386e+00
8.401231264413015154e+00
8.401231264413015154e+00
8.401231264413015154e+00
1.487493913753330288e+00
8.401231264413015154e+00
6.897153867636740543e+00
6.696483172174589882e+00
6.098646171418969253e+00
8.401231264413015154e+00
2.132134980706752891e+00
3.728402429951108488e+00
8.401231264413015154e+00
8.401231264413015154e+00
3.756840365271642224e+00
7.302618975744905150e+00
7.995766156304850547e+00
2.171734553497072007e+00
3.009879031897788604e+00
7.995766156304850547e+00
5.539030383483546593e+00
8.401231264413015154e+00
6.455321115357701700e+00
7.995766156304850547e+00
7.995766156304850547e+00
4.617041630494753690e+00
3.847354372812473944e+00
5.727082614986485964e+00
8.401231264413015154e+00
8.401231264413015154e+00
3.452471374034846274e+00
6.386328243870750043e+00
8.401231264413015154e+00
7.995766156304850547e+00
7.995766156304850547e+00
7.995766156304850547e+00
6.386328243870750043e+00
8.401231264413015154e+00
8.401231264413015154e+00
7.995766156304850547e+00
7.995766156304850547e+00
6.455321115357701700e+00
8.401231264413015154e+00
7.148468295917647097e+00
7.014936903293124359e+00
8.401231264413015154e+00
6.897153867636740543e+00
8.401231264413015154e+00
6.529429087511423369e+00
8.401231264413015154e+00
7.708084083853069757e+00
7.484940532538860047e+00
5.693181063310804646e+00
6.791793351978914650e+00
6.791793351978914650e+00
7.995766156304850547e+00
7.148468295917647097e+00
7.148468295917647097e+00
6.455321115357701700e+00
8.401231264413015154e+00
7.484940532538860047e+00
8.401231264413015154e+00
7.302618975744905150e+00
8.401231264413015154e+00
7.484940532538860047e+00
8.401231264413015154e+00
6.696483172174589882e+00
5.568017920356798989e+00
7.014936903293124359e+00
8.401231264413015154e+00
4.790313351768790362e+00
8.401231264413015154e+00
7.708084083853069757e+00
7.708084083853069757e+00
6.204006687076795146e+00
8.401231264413015154e+00
8.401231264413015154e+00
7.148468295917647097e+00
7.708084083853069757e+00
7.708084083853069757e+00
5.836281906951477971e+00
6.791793351978914650e+00
6.321789722733178962e+00
7.148468295917647097e+00
5.265737048483865479e+00
7.484940532538860047e+00
8.401231264413015154e+00
3.564949357461536739e+00
7.148468295917647097e+00
7.708084083853069757e+00
7.708084083853069757e+00
7.995766156304850547e+00
7.302618975744905150e+00
4.403030562743816212e+00
5.958884229043809988e+00
8.401231264413015154e+00
2.861930428422437167e+00
8.401231264413015154e+00
7.302618975744905150e+00
6.204006687076795146e+00
7.995766156304850547e+00
8.401231264413015154e+00
8.401231264413015154e+00
5.051327177138410285e+00
7.995766156304850547e+00
8.401231264413015154e+00
8.401231264413015154e+00
8.401231264413015154e+00
6.696483172174589882e+00
7.708084083853069757e+00
8.401231264413015154e+00
7.484940532538860047e+00
7.708084083853069757e+00
8.401231264413015154e+00
8.401231264413015154e+00
5.244230843262901232e+00
3.374066668365548249e+00
7.484940532538860047e+00
7.484940532538860047e+00
8.401231264413015154e+00
7.995766156304850547e+00
5.483460532328735759e+00
8.401231264413015154e+00
7.995766156304850547e+00
7.484940532538860047e+00
8.401231264413015154e+00
7.995766156304850547e+00
8.401231264413015154e+00
6.696483172174589882e+00
7.148468295917647097e+00
6.321789722733178962e+00
7.995766156304850547e+00
7.995766156304850547e+00
8.401231264413015154e+00
3.776258451128743587e+00
4.393898079180543981e+00
6.321789722733178962e+00
6.386328243870750043e+00
7.995766156304850547e+00
7.708084083853069757e+00
6.529429087511423369e+00
4.181723559236908194e+00
8.401231264413015154e+00
6.897153867636740543e+00
5.265737048483865479e+00
6.049856007249537093e+00
5.875502620104759544e+00
7.484940532538860047e+00
8.401231264413015154e+00
8.401231264413015154e+00
8.401231264413015154e+00
8.401231264413015154e+00
8.401231264413015154e+00
8.401231264413015154e+00
6.897153867636740543e+00
7.708084083853069757e+00
7.708084083853069757e+00
7.995766156304850547e+00
2.015194050363291911e+00
7.484940532538860047e+00
4.551083662702955834e+00
8.401231264413015154e+00
8.401231264413015154e+00
8.401231264413015154e+00
5.958884229043809988e+00
7.148468295917647097e+00
3.613739521630968898e+00
8.401231264413015154e+00
7.484940532538860047e+00
8.401231264413015154e+00
7.484940532538860047e+00
7.995766156304850547e+00
8.401231264413015154e+00
7.708084083853069757e+00
8.401231264413015154e+00
7.708084083853069757e+00
6.455321115357701700e+00
7.708084083853069757e+00
7.302618975744905150e+00
6.791793351978914650e+00
8.401231264413015154e+00
7.708084083853069757e+00
8.401231264413015154e+00
7.995766156304850547e+00
8.401231264413015154e+00
8.401231264413015154e+00
8.401231264413015154e+00
5.762173934797756303e+00
8.401231264413015154e+00
7.484940532538860047e+00
8.401231264413015154e+00
7.995766156304850547e+00
7.995766156304850547e+00
5.483460532328735759e+00
5.958884229043809988e+00
5.087045259740489378e+00
6.098646171418969253e+00
7.014936903293124359e+00
8.401231264413015154e+00
7.484940532538860047e+00
5.660391240487813391e+00
4.124565145396958954e+00
7.484940532538860047e+00
8.401231264413015154e+00
8.401231264413015154e+00
8.401231264413015154e+00
7.484940532538860047e+00
8.401231264413015154e+00
8.401231264413015154e+00
8.401231264413015154e+00
8.401231264413015154e+00
8.401231264413015154e+00
8.401231264413015154e+00
7.148468295917647097e+00
7.995766156304850547e+00
7.708084083853069757e+00
6.529429087511423369e+00
7.302618975744905150e+00
7.995766156304850547e+00
7.302618975744905150e+00
6.098646171418969253e+00
5.456792285246574004e+00
4.935495361613288168e+00
7.708084083853069757e+00
7.708084083853069757e+00
6.261165100916744386e+00
8.401231264413015154e+00
8.401231264413015154e+00
7.995766156304850547e+00
5.456792285246574004e+00
8.401231264413015154e+00
7.995766156304850547e+00
4.651727188482643882e+00
5.836281906951477971e+00
7.995766156304850547e+00
7.484940532538860047e+00
7.484940532538860047e+00
3.988432971072379374e+00
5.836281906951477971e+00
8.401231264413015154e+00
7.995766156304850547e+00
6.791793351978914650e+00
7.708084083853069757e+00
8.401231264413015154e+00
8.401231264413015154e+00
8.401231264413015154e+00
8.401231264413015154e+00
7.995766156304850547e+00
6.261165100916744386e+00
8.401231264413015154e+00
7.014936903293124359e+00
8.401231264413015154e+00
8.401231264413015154e+00
7.995766156304850547e+00
8.401231264413015154e+00
4.663561646129646299e+00
8.401231264413015154e+00
7.995766156304850547e+00
6.696483172174589882e+00
7.484940532538860047e+00
7.148468295917647097e+00
8.401231264413015154e+00
6.149939465806519401e+00
8.401231264413015154e+00
7.014936903293124359e+00
6.897153867636740543e+00
6.455321115357701700e+00
7.484940532538860047e+00
5.510859506516849748e+00
8.401231264413015154e+00
7.995766156304850547e+00
8.401231264413015154e+00
8.401231264413015154e+00
8.401231264413015154e+00
7.708084083853069757e+00
6.098646171418969253e+00
8.401231264413015154e+00
8.401231264413015154e+00
5.958884229043809988e+00
7.708084083853069757e+00
7.014936903293124359e+00
7.995766156304850547e+00
7.708084083853069757e+00
8.401231264413015154e+00
8.401231264413015154e+00
8.401231264413015154e+00
7.302618975744905150e+00
8.401231264413015154e+00
7.014936903293124359e+00
3.613739521630968898e+00
7.484940532538860047e+00
7.995766156304850547e+00
8.401231264413015154e+00
8.401231264413015154e+00
6.609471795184959753e+00
7.148468295917647097e+00
7.995766156304850547e+00
8.401231264413015154e+00
7.148468295917647097e+00
5.051327177138410285e+00
3.589046909040597200e+00
8.401231264413015154e+00
8.401231264413015154e+00
8.401231264413015154e+00
7.148468295917647097e+00
6.098646171418969253e+00
6.529429087511423369e+00
8.401231264413015154e+00
2.950192810847314107e+00
5.223177434065068958e+00
7.995766156304850547e+00
6.791793351978914650e+00
6.321789722733178962e+00
8.401231264413015154e+00
7.708084083853069757e+00
8.401231264413015154e+00
8.401231264413015154e+00
7.708084083853069757e+00
7.995766156304850547e+00
7.708084083853069757e+00
7.302618975744905150e+00
8.401231264413015154e+00
8.401231264413015154e+00
7.995766156304850547e+00
7.995766156304850547e+00
7.708084083853069757e+00
7.014936903293124359e+00
7.995766156304850547e+00
6.609471795184959753e+00
7.148468295917647097e+00
7.995766156304850547e+00
7.484940532538860047e+00
7.708084083853069757e+00
8.401231264413015154e+00
7.708084083853069757e+00
8.401231264413015154e+00
8.401231264413015154e+00
8.401231264413015154e+00
7.148468295917647097e+00
7.995766156304850547e+00
7.148468295917647097e+00
7.014936903293124359e+00
8.401231264413015154e+00
7.014936903293124359e+00
8.401231264413015154e+00
8.401231264413015154e+00
7.708084083853069757e+00
6.049856007249537093e+00
7.484940532538860047e+00
8.401231264413015154e+00
7.708084083853069757e+00
7.014936903293124359e+00
5.875502620104759544e+00
7.484940532538860047e+00
7.708084083853069757e+00
7.995766156304850547e+00
7.708084083853069757e+00
8.401231264413015154e+00
6.261165100916744386e+00
7.995766156304850547e+00
8.401231264413015154e+00
8.401231264413015154e+00
7.484940532538860047e+00
8.401231264413015154e+00
6.696483172174589882e+00
7.995766156304850547e+00
7.302618975744905150e+00
5.875502620104759544e+00
8.401231264413015154e+00
8.401231264413015154e+00
8.401231264413015154e+00
7.302618975744905150e+00
5.105394398408686030e+00
5.875502620104759544e+00
8.401231264413015154e+00
6.791793351978914650e+00
6.609471795184959753e+00
8.401231264413015154e+00
7.708084083853069757e+00
7.995766156304850547e+00
7.302618975744905150e+00
7.708084083853069757e+00
8.401231264413015154e+00
8.401231264413015154e+00
8.401231264413015154e+00
8.401231264413015154e+00
6.609471795184959753e+00
6.204006687076795146e+00
8.401231264413015154e+00
7.708084083853069757e+00
7.148468295917647097e+00
7.995766156304850547e+00
7.995766156304850547e+00
6.529429087511423369e+00
6.791793351978914650e+00
8.401231264413015154e+00
6.791793351978914650e+00
5.597870883506479878e+00
6.204006687076795146e+00
8.401231264413015154e+00
8.401231264413015154e+00
8.401231264413015154e+00
7.995766156304850547e+00
4.935495361613288168e+00
7.995766156304850547e+00
7.995766156304850547e+00
8.401231264413015154e+00
7.995766156304850547e+00
7.014936903293124359e+00
7.995766156304850547e+00
7.484940532538860047e+00
6.897153867636740543e+00
8.401231264413015154e+00
7.995766156304850547e+00
7.708084083853069757e+00
8.401231264413015154e+00
7.708084083853069757e+00
6.003335991614644485e+00
6.791793351978914650e+00
8.401231264413015154e+00
7.995766156304850547e+00
5.182355439544814146e+00
8.401231264413015154e+00
8.401231264413015154e+00
6.696483172174589882e+00
7.014936903293124359e+00
7.708084083853069757e+00
5.069026754237810906e+00
7.708084083853069757e+00
8.401231264413015154e+00
8.401231264413015154e+00
7.708084083853069757e+00
7.708084083853069757e+00
7.995766156304850547e+00
8.401231264413015154e+00
2.118030374525210924e+00
8.401231264413015154e+00
8.401231264413015154e+00
8.401231264413015154e+00
5.693181063310804646e+00
7.995766156304850547e+00
6.791793351978914650e+00
8.401231264413015154e+00
7.014936903293124359e+00
5.958884229043809988e+00
5.875502620104759544e+00
8.401231264413015154e+00
7.995766156304850547e+00
8.401231264413015154e+00
6.149939465806519401e+00
8.401231264413015154e+00
8.401231264413015154e+00
7.708084083853069757e+00
8.401231264413015154e+00
7.014936903293124359e+00
7.995766156304850547e+00
8.401231264413015154e+00
8.401231264413015154e+00
7.995766156304850547e+00
7.708084083853069757e+00
8.401231264413015154e+00
7.014936903293124359e+00
8.401231264413015154e+00
8.401231264413015154e+00
7.302618975744905150e+00
5.405498990859023856e+00
7.708084083853069757e+00
7.995766156304850547e+00
7.148468295917647097e+00
4.874870739796853591e+00
2.617406082083276964e+00
5.483460532328735759e+00
8.401231264413015154e+00
8.401231264413015154e+00
7.995766156304850547e+00
7.148468295917647097e+00
8.401231264413015154e+00
8.401231264413015154e+00
5.916324614625014355e+00
8.401231264413015154e+00
6.049856007249537093e+00
8.401231264413015154e+00
5.568017920356798989e+00
8.401231264413015154e+00
7.995766156304850547e+00
7.148468295917647097e+00
7.484940532538860047e+00
8.401231264413015154e+00
8.401231264413015154e+00
6.791793351978914650e+00
7.708084083853069757e+00
8.401231264413015154e+00
8.401231264413015154e+00
7.995766156304850547e+00
8.401231264413015154e+00
5.287715955202640039e+00
3.781172465931172511e+00
8.401231264413015154e+00
8.401231264413015154e+00
7.302618975744905150e+00
7.995766156304850547e+00
7.014936903293124359e+00
7.995766156304850547e+00
8.401231264413015154e+00
8.401231264413015154e+00
6.003335991614644485e+00
6.529429087511423369e+00
7.995766156304850547e+00
6.149939465806519401e+00
5.051327177138410285e+00
5.762173934797756303e+00
4.763645104686629494e+00
6.098646171418969253e+00
7.995766156304850547e+00
8.401231264413015154e+00
7.995766156304850547e+00
8.401231264413015154e+00
4.561778951819704275e+00
5.182355439544814146e+00
7.302618975744905150e+00
6.897153867636740543e+00
4.663561646129646299e+00
8.401231264413015154e+00
7.995766156304850547e+00
8.401231264413015154e+00
6.529429087511423369e+00
7.484940532538860047e+00
4.845883202923601196e+00
4.919991175077322865e+00
8.401231264413015154e+00
8.401231264413015154e+00
7.484940532538860047e+00
7.995766156304850547e+00
7.484940532538860047e+00
7.708084083853069757e+00
4.967244059927867994e+00
7.302618975744905150e+00
7.995766156304850547e+00
8.401231264413015154e+00
5.051327177138410285e+00
6.609471795184959753e+00
7.708084083853069757e+00
7.708084083853069757e+00
8.401231264413015154e+00
7.995766156304850547e+00
8.401231264413015154e+00
6.455321115357701700e+00
8.401231264413015154e+00
8.401231264413015154e+00
8.401231264413015154e+00
6.791793351978914650e+00
7.995766156304850547e+00
8.401231264413015154e+00
8.401231264413015154e+00
6.897153867636740543e+00
5.124086531420838142e+00
8.401231264413015154e+00
7.995766156304850547e+00
5.762173934797756303e+00
8.401231264413015154e+00
5.310188811054699087e+00
5.287715955202640039e+00
6.455321115357701700e+00
7.484940532538860047e+00
5.356708826689591696e+00
5.693181063310804646e+00
8.401231264413015154e+00
3.747270914255491192e+00
5.244230843262901232e+00
8.401231264413015154e+00
8.401231264413015154e+00
8.401231264413015154e+00
8.401231264413015154e+00
7.995766156304850547e+00
5.597870883506479878e+00
8.401231264413015154e+00
8.401231264413015154e+00
8.401231264413015154e+00
6.897153867636740543e+00
6.455321115357701700e+00
7.708084083853069757e+00
7.995766156304850547e+00
8.401231264413015154e+00
7.995766156304850547e+00
8.401231264413015154e+00
7.995766156304850547e+00
7.995766156304850547e+00
7.708084083853069757e+00
8.401231264413015154e+00
8.401231264413015154e+00
2.251695162734537625e+00
7.995766156304850547e+00
7.995766156304850547e+00
8.401231264413015154e+00
5.875502620104759544e+00
4.430939350860892745e+00
6.149939465806519401e+00
7.995766156304850547e+00
6.897153867636740543e+00
8.401231264413015154e+00
6.897153867636740543e+00
8.401231264413015154e+00
7.995766156304850547e+00
7.484940532538860047e+00
6.791793351978914650e+00
8.401231264413015154e+00
7.708084083853069757e+00
7.484940532538860047e+00
6.261165100916744386e+00
7.995766156304850547e+00
4.919991175077322865e+00
3.135953751943178158e+00
8.401231264413015154e+00
5.958884229043809988e+00
8.401231264413015154e+00
8.401231264413015154e+00
8.401231264413015154e+00
8.401231264413015154e+00
7.995766156304850547e+00
7.708084083853069757e+00
5.333178329279397722e+00
8.401231264413015154e+00
8.401231264413015154e+00
6.455321115357701700e+00
8.401231264413015154e+00
8.401231264413015154e+00
5.539030383483546593e+00
4.250191358514369355e+00
8.401231264413015154e+00
8.401231264413015154e+00
7.995766156304850547e+00
7.708084083853069757e+00
8.401231264413015154e+00
7.708084083853069757e+00
8.401231264413015154e+00
8.401231264413015154e+00
7.995766156304850547e+00
4.044522437723422570e+00
6.321789722733178962e+00
7.302618975744905150e+00
8.401231264413015154e+00
7.148468295917647097e+00
8.401231264413015154e+00
7.484940532538860047e+00
7.995766156304850547e+00
7.014936903293124359e+00
5.762173934797756303e+00
5.244230843262901232e+00
5.202558146862333643e+00
3.227910388039663125e+00
8.401231264413015154e+00
6.897153867636740543e+00
7.995766156304850547e+00
8.401231264413015154e+00
8.401231264413015154e+00
8.401231264413015154e+00
6.897153867636740543e+00
6.455321115357701700e+00
6.696483172174589882e+00
8.401231264413015154e+00
7.014936903293124359e+00
7.302618975744905150e+00
8.401231264413015154e+00
4.403030562743816212e+00
6.897153867636740543e+00
7.995766156304850547e+00
3.205500486640079139e+00
7.708084083853069757e+00
8.401231264413015154e+00
6.696483172174589882e+00
8.401231264413015154e+00
8.401231264413015154e+00
7.148468295917647097e+00
8.401231264413015154e+00
7.995766156304850547e+00
4.967244059927867994e+00
4.234566040611287718e+00
7.484940532538860047e+00
7.708084083853069757e+00
7.148468295917647097e+00
7.708084083853069757e+00
7.708084083853069757e+00
7.995766156304850547e+00
6.897153867636740543e+00
7.995766156304850547e+00
8.401231264413015154e+00
8.401231264413015154e+00
8.401231264413015154e+00
5.916324614625014355e+00
5.916324614625014355e+00
7.014936903293124359e+00
7.995766156304850547e+00
8.401231264413015154e+00
6.321789722733178962e+00
5.000033882750859249e+00
8.401231264413015154e+00
6.098646171418969253e+00
7.995766156304850547e+00
5.727082614986485964e+00
4.421549610511053885e+00
7.995766156304850547e+00
4.935495361613288168e+00
7.995766156304850547e+00
8.401231264413015154e+00
8.401231264413015154e+00
7.014936903293124359e+00
8.401231264413015154e+00
8.401231264413015154e+00
8.401231264413015154e+00
8.401231264413015154e+00
7.708084083853069757e+00
8.401231264413015154e+00
8.401231264413015154e+00
8.401231264413015154e+00
8.401231264413015154e+00
6.455321115357701700e+00
8.401231264413015154e+00
7.708084083853069757e+00
7.995766156304850547e+00
4.889685825581993939e+00
8.401231264413015154e+00
8.401231264413015154e+00
5.693181063310804646e+00
8.401231264413015154e+00
7.484940532538860047e+00
7.302618975744905150e+00
8.401231264413015154e+00
5.356708826689591696e+00
7.302618975744905150e+00
5.836281906951477971e+00
8.401231264413015154e+00
3.761659651707590868e+00
7.302618975744905150e+00
8.401231264413015154e+00
7.484940532538860047e+00
8.401231264413015154e+00
5.958884229043809988e+00
7.302618975744905150e+00
8.401231264413015154e+00
7.708084083853069757e+00
6.455321115357701700e+00
7.995766156304850547e+00
8.401231264413015154e+00
7.484940532538860047e+00
7.995766156304850547e+00
7.995766156304850547e+00
8.401231264413015154e+00
7.708084083853069757e+00
8.401231264413015154e+00
5.798541578968630539e+00
7.995766156304850547e+00
8.401231264413015154e+00
7.708084083853069757e+00
8.401231264413015154e+00
5.051327177138410285e+00
8.401231264413015154e+00
8.401231264413015154e+00
4.817712325956904351e+00
5.202558146862333643e+00
8.401231264413015154e+00
8.401231264413015154e+00
8.401231264413015154e+00
8.401231264413015154e+00
5.124086531420838142e+00
7.484940532538860047e+00
7.014936903293124359e+00
7.995766156304850547e+00
4.790313351768790362e+00
5.244230843262901232e+00
5.380806378268652601e+00
6.455321115357701700e+00
6.261165100916744386e+00
7.995766156304850547e+00
8.401231264413015154e+00
7.302618975744905150e+00
8.401231264413015154e+00
7.995766156304850547e+00
7.148468295917647097e+00
6.149939465806519401e+00
7.014936903293124359e+00
7.995766156304850547e+00
7.708084083853069757e+00
8.401231264413015154e+00
8.401231264413015154e+00
5.798541578968630539e+00
7.995766156304850547e+00
8.401231264413015154e+00
8.401231264413015154e+00
8.401231264413015154e+00
8.401231264413015154e+00
5.727082614986485964e+00
7.484940532538860047e+00
4.332204510175204248e+00
7.708084083853069757e+00
7.708084083853069757e+00
8.401231264413015154e+00
7.014936903293124359e+00
7.484940532538860047e+00
8.401231264413015154e+00
7.995766156304850547e+00
6.529429087511423369e+00
7.708084083853069757e+00
6.261165100916744386e+00
7.995766156304850547e+00
6.791793351978914650e+00
5.660391240487813391e+00
7.148468295917647097e+00
7.708084083853069757e+00
4.724930592505938165e+00
8.401231264413015154e+00
6.529429087511423369e+00
8.401231264413015154e+00
4.583518938456109915e+00
5.356708826689591696e+00
7.995766156304850547e+00
8.401231264413015154e+00
6.696483172174589882e+00
7.995766156304850547e+00
7.148468295917647097e+00
8.401231264413015154e+00
8.401231264413015154e+00
8.401231264413015154e+00
8.401231264413015154e+00
8.401231264413015154e+00
8.401231264413015154e+00
8.401231264413015154e+00
7.995766156304850547e+00
7.995766156304850547e+00
8.401231264413015154e+00
8.401231264413015154e+00
8.401231264413015154e+00
7.708084083853069757e+00
8.401231264413015154e+00
8.401231264413015154e+00
8.401231264413015154e+00
6.149939465806519401e+00
7.995766156304850547e+00
4.226843994517377467e+00
6.261165100916744386e+00
8.401231264413015154e+00
7.484940532538860047e+00
8.401231264413015154e+00
7.708084083853069757e+00
8.401231264413015154e+00
2.943775676526680485e+00
7.148468295917647097e+00
7.484940532538860047e+00
7.995766156304850547e+00
7.302618975744905150e+00
5.456792285246574004e+00
8.401231264413015154e+00
4.274096879367922597e+00
7.484940532538860047e+00
7.014936903293124359e+00
6.696483172174589882e+00
7.708084083853069757e+00
8.401231264413015154e+00
8.401231264413015154e+00
7.995766156304850547e+00
6.261165100916744386e+00
5.016841001067240846e+00
8.401231264413015154e+00
5.958884229043809988e+00
4.845883202923601196e+00
7.148468295917647097e+00
7.302618975744905150e+00
5.202558146862333643e+00
8.401231264413015154e+00
4.430939350860892745e+00
8.401231264413015154e+00
8.401231264413015154e+00
8.401231264413015154e+00
6.204006687076795146e+00
7.995766156304850547e+00
5.798541578968630539e+00
7.708084083853069757e+00
8.401231264413015154e+00
7.995766156304850547e+00
7.995766156304850547e+00
8.401231264413015154e+00
4.687659197708706316e+00
8.401231264413015154e+00
7.708084083853069757e+00
8.401231264413015154e+00
6.897153867636740543e+00
7.995766156304850547e+00
7.995766156304850547e+00
5.660391240487813391e+00
3.842105016926330219e+00
5.875502620104759544e+00
8.401231264413015154e+00
6.897153867636740543e+00
7.708084083853069757e+00
7.484940532538860047e+00
5.727082614986485964e+00
7.995766156304850547e+00
7.995766156304850547e+00
7.995766156304850547e+00
4.349446316609709484e+00
6.321789722733178962e+00
8.401231264413015154e+00
8.401231264413015154e+00
7.708084083853069757e+00
6.455321115357701700e+00
5.483460532328735759e+00
7.995766156304850547e+00
8.401231264413015154e+00
6.791793351978914650e+00
8.401231264413015154e+00
7.708084083853069757e+00
5.223177434065068958e+00
8.401231264413015154e+00
7.995766156304850547e+00
8.401231264413015154e+00
5.958884229043809988e+00
5.244230843262901232e+00
8.401231264413015154e+00
5.016841001067240846e+00
8.401231264413015154e+00
5.727082614986485964e+00
7.148468295917647097e+00
7.995766156304850547e+00
7.995766156304850547e+00
8.401231264413015154e+00
7.302618975744905150e+00
4.489208258984868749e+00
5.916324614625014355e+00
7.995766156304850547e+00
8.401231264413015154e+00
8.401231264413015154e+00
8.401231264413015154e+00
8.401231264413015154e+00
6.003335991614644485e+00
8.401231264413015154e+00
4.479257928131699984e+00
8.401231264413015154e+00
6.696483172174589882e+00
6.791793351978914650e+00
7.708084083853069757e+00
4.234566040611287718e+00
8.401231264413015154e+00
7.302618975744905150e+00
7.995766156304850547e+00
7.484940532538860047e+00
7.995766156304850547e+00
7.148468295917647097e+00
7.484940532538860047e+00
8.401231264413015154e+00
3.239306522770532659e+00
8.401231264413015154e+00
7.148468295917647097e+00
8.401231264413015154e+00
7.708084083853069757e+00
5.202558146862333643e+00
7.708084083853069757e+00
8.401231264413015154e+00
6.529429087511423369e+00
8.401231264413015154e+00
7.995766156304850547e+00
8.401231264413015154e+00
7.995766156304850547e+00
7.014936903293124359e+00
7.708084083853069757e+00
8.401231264413015154e+00
7.302618975744905150e+00
5.660391240487813391e+00
6.897153867636740543e+00
8.401231264413015154e+00
8.401231264413015154e+00
6.386328243870750043e+00
7.302618975744905150e+00
6.455321115357701700e+00
7.302618975744905150e+00
6.321789722733178962e+00
7.708084083853069757e+00
8.401231264413015154e+00
8.401231264413015154e+00
7.995766156304850547e+00
8.401231264413015154e+00
7.995766156304850547e+00
6.261165100916744386e+00
8.401231264413015154e+00
7.995766156304850547e+00
8.401231264413015154e+00
8.401231264413015154e+00
7.484940532538860047e+00
8.401231264413015154e+00
7.708084083853069757e+00
8.401231264413015154e+00
7.302618975744905150e+00
7.708084083853069757e+00
7.995766156304850547e+00
2.105043178998400322e+00
7.995766156304850547e+00
8.401231264413015154e+00
8.401231264413015154e+00
8.401231264413015154e+00
7.708084083853069757e+00
6.003335991614644485e+00
6.455321115357701700e+00
8.401231264413015154e+00
7.302618975744905150e+00
6.897153867636740543e+00
8.401231264413015154e+00
7.484940532538860047e+00
5.660391240487813391e+00
8.401231264413015154e+00
7.014936903293124359e+00
7.995766156304850547e+00
8.401231264413015154e+00
8.401231264413015154e+00
7.995766156304850547e+00
6.098646171418969253e+00
8.401231264413015154e+00
7.995766156304850547e+00
8.401231264413015154e+00
8.401231264413015154e+00
8.401231264413015154e+00
7.995766156304850547e+00
7.708084083853069757e+00
5.310188811054699087e+00
8.401231264413015154e+00
8.401231264413015154e+00
7.484940532538860047e+00
5.069026754237810906e+00
7.995766156304850547e+00
7.995766156304850547e+00
8.401231264413015154e+00
8.401231264413015154e+00
8.401231264413015154e+00
5.727082614986485964e+00
7.302618975744905150e+00
8.401231264413015154e+00
4.274096879367922597e+00
7.708084083853069757e+00
7.995766156304850547e+00
7.302618975744905150e+00
8.401231264413015154e+00
5.958884229043809988e+00
6.149939465806519401e+00
8.401231264413015154e+00
6.791793351978914650e+00
8.401231264413015154e+00
5.162552812248634382e+00
8.401231264413015154e+00
6.003335991614644485e+00
6.003335991614644485e+00
8.401231264413015154e+00
7.995766156304850547e+00
8.401231264413015154e+00
8.401231264413015154e+00
5.916324614625014355e+00
5.762173934797756303e+00
7.995766156304850547e+00
8.401231264413015154e+00
7.708084083853069757e+00
8.401231264413015154e+00
8.401231264413015154e+00
7.995766156304850547e+00
7.302618975744905150e+00
8.401231264413015154e+00
7.995766156304850547e+00
6.098646171418969253e+00
7.302618975744905150e+00
6.321789722733178962e+00
8.401231264413015154e+00
8.401231264413015154e+00
6.696483172174589882e+00
8.401231264413015154e+00
6.098646171418969253e+00
8.401231264413015154e+00
6.386328243870750043e+00
8.401231264413015154e+00
8.401231264413015154e+00
8.401231264413015154e+00
8.401231264413015154e+00
8.401231264413015154e+00
7.148468295917647097e+00
5.836281906951477971e+00
8.401231264413015154e+00
5.456792285246574004e+00
7.148468295917647097e+00
6.386328243870750043e+00
8.401231264413015154e+00
8.401231264413015154e+00
7.148468295917647097e+00
8.401231264413015154e+00
7.148468295917647097e+00
7.302618975744905150e+00
7.014936903293124359e+00
7.148468295917647097e+00
7.995766156304850547e+00
8.401231264413015154e+00
8.401231264413015154e+00
4.057425842559331031e+00
7.302618975744905150e+00
7.995766156304850547e+00
6.791793351978914650e+00
8.401231264413015154e+00
4.025474242752729026e+00
6.149939465806519401e+00
8.401231264413015154e+00
7.148468295917647097e+00
6.791793351978914650e+00
8.401231264413015154e+00
7.014936903293124359e+00
7.995766156304850547e+00
8.401231264413015154e+00
7.995766156304850547e+00
7.014936903293124359e+00
4.509410966302388246e+00
5.182355439544814146e+00
6.149939465806519401e+00
8.401231264413015154e+00
8.401231264413015154e+00
8.401231264413015154e+00
6.386328243870750043e+00
6.386328243870750043e+00
8.401231264413015154e+00
7.708084083853069757e+00
8.401231264413015154e+00
7.708084083853069757e+00
5.875502620104759544e+00
6.149939465806519401e+00
7.014936903293124359e+00
3.459588841803710402e+00
7.484940532538860047e+00
6.261165100916744386e+00
8.401231264413015154e+00
7.484940532538860047e+00
8.401231264413015154e+00
7.148468295917647097e+00
7.302618975744905150e+00
8.401231264413015154e+00
8.401231264413015154e+00
7.995766156304850547e+00
7.995766156304850547e+00
7.708084083853069757e+00
8.401231264413015154e+00
7.995766156304850547e+00
7.014936903293124359e+00
6.455321115357701700e+00
8.401231264413015154e+00
8.401231264413015154e+00
5.430816798843313364e+00
8.401231264413015154e+00
6.609471795184959753e+00
8.401231264413015154e+00
7.995766156304850547e+00
8.401231264413015154e+00
8.401231264413015154e+00
8.401231264413015154e+00
7.708084083853069757e+00
8.401231264413015154e+00
6.609471795184959753e+00
5.265737048483865479e+00
7.302618975744905150e+00
6.897153867636740543e+00
8.401231264413015154e+00
6.897153867636740543e+00
3.518429341826643686e+00
2.768228971817860540e+00
8.401231264413015154e+00
7.995766156304850547e+00
8.401231264413015154e+00
7.484940532538860047e+00
8.401231264413015154e+00
8.401231264413015154e+00
7.708084083853069757e+00
5.456792285246574004e+00
5.000033882750859249e+00
7.995766156304850547e+00
5.836281906951477971e+00
8.401231264413015154e+00
8.401231264413015154e+00
5.798541578968630539e+00
7.995766156304850547e+00
8.401231264413015154e+00
5.762173934797756303e+00
4.919991175077322865e+00
8.401231264413015154e+00
7.484940532538860047e+00
7.995766156304850547e+00
8.401231264413015154e+00
7.148468295917647097e+00
7.014936903293124359e+00
8.401231264413015154e+00
7.014936903293124359e+00
7.995766156304850547e+00
8.401231264413015154e+00
7.484940532538860047e+00
8.401231264413015154e+00
7.995766156304850547e+00
7.708084083853069757e+00
8.401231264413015154e+00
7.995766156304850547e+00
7.014936903293124359e+00
8.401231264413015154e+00
7.995766156304850547e+00
8.401231264413015154e+00
8.401231264413015154e+00
7.995766156304850547e+00
6.897153867636740543e+00
7.708084083853069757e+00
8.401231264413015154e+00
8.401231264413015154e+00
7.484940532538860047e+00
8.401231264413015154e+00
8.401231264413015154e+00
8.401231264413015154e+00
8.401231264413015154e+00
8.401231264413015154e+00
8.401231264413015154e+00
7.708084083853069757e+00
8.401231264413015154e+00
8.401231264413015154e+00
8.401231264413015154e+00
8.401231264413015154e+00
8.401231264413015154e+00
8.401231264413015154e+00
7.302618975744905150e+00
5.456792285246574004e+00
7.708084083853069757e+00
8.401231264413015154e+00
8.401231264413015154e+00
5.143134726391532574e+00
6.098646171418969253e+00
4.540501553372418897e+00
7.014936903293124359e+00
7.302618975744905150e+00
6.897153867636740543e+00
6.204006687076795146e+00
7.995766156304850547e+00
7.302618975744905150e+00
8.401231264413015154e+00
7.995766156304850547e+00
8.401231264413015154e+00
7.302618975744905150e+00
8.401231264413015154e+00
7.995766156304850547e+00
7.708084083853069757e+00
8.401231264413015154e+00
8.401231264413015154e+00
7.014936903293124359e+00
8.401231264413015154e+00
6.609471795184959753e+00
8.401231264413015154e+00
8.401231264413015154e+00
7.014936903293124359e+00
8.401231264413015154e+00
7.995766156304850547e+00
7.708084083853069757e+00
7.995766156304850547e+00
6.386328243870750043e+00
8.401231264413015154e+00
7.014936903293124359e+00
8.401231264413015154e+00
7.302618975744905150e+00
7.995766156304850547e+00
8.401231264413015154e+00
7.995766156304850547e+00
7.995766156304850547e+00
8.401231264413015154e+00
3.167452419002549480e+00
8.401231264413015154e+00
8.401231264413015154e+00
8.401231264413015154e+00
4.724930592505938165e+00
5.456792285246574004e+00
8.401231264413015154e+00
4.831698567931644206e+00
8.401231264413015154e+00
7.995766156304850547e+00
8.401231264413015154e+00
8.401231264413015154e+00
8.401231264413015154e+00
8.401231264413015154e+00
7.302618975744905150e+00
7.484940532538860047e+00
8.401231264413015154e+00
7.302618975744905150e+00
8.401231264413015154e+00
7.995766156304850547e+00
8.401231264413015154e+00
7.708084083853069757e+00
8.401231264413015154e+00
8.401231264413015154e+00
3.597210219679757959e+00
6.529429087511423369e+00
8.401231264413015154e+00
5.430816798843313364e+00
8.401231264413015154e+00
8.401231264413015154e+00
8.401231264413015154e+00
2.722766597741103745e+00
6.098646171418969253e+00
7.995766156304850547e+00
8.401231264413015154e+00
8.401231264413015154e+00
6.455321115357701700e+00
8.401231264413015154e+00
8.401231264413015154e+00
8.401231264413015154e+00
8.401231264413015154e+00
7.484940532538860047e+00
7.484940532538860047e+00
8.401231264413015154e+00
8.401231264413015154e+00
5.836281906951477971e+00
6.696483172174589882e+00
8.401231264413015154e+00
8.401231264413015154e+00
8.401231264413015154e+00
7.995766156304850547e+00
7.484940532538860047e+00
4.617041630494753690e+00
8.401231264413015154e+00
8.401231264413015154e+00
5.958884229043809988e+00
5.182355439544814146e+00
7.484940532538860047e+00
7.995766156304850547e+00
6.003335991614644485e+00
6.609471795184959753e+00
2.578185368929995835e+00
7.302618975744905150e+00
2.881772349221441321e+00
7.995766156304850547e+00
8.401231264413015154e+00
5.798541578968630539e+00
8.401231264413015154e+00
8.401231264413015154e+00
8.401231264413015154e+00
7.708084083853069757e+00
8.401231264413015154e+00
7.995766156304850547e+00
7.995766156304850547e+00
6.321789722733178962e+00
5.105394398408686030e+00
7.995766156304850547e+00
8.401231264413015154e+00
4.572589867923920082e+00
5.916324614625014355e+00
8.401231264413015154e+00
7.708084083853069757e+00
5.456792285246574004e+00
6.386328243870750043e+00
2.442806571383233205e+00
6.003335991614644485e+00
7.148468295917647097e+00
7.995766156304850547e+00
8.401231264413015154e+00
6.791793351978914650e+00
7.302618975744905150e+00
6.897153867636740543e+00
6.261165100916744386e+00
8.401231264413015154e+00
3.901421594082749689e+00
7.995766156304850547e+00
8.401231264413015154e+00
8.401231264413015154e+00
8.401231264413015154e+00
8.401231264413015154e+00
7.995766156304850547e+00
7.708084083853069757e+00
8.401231264413015154e+00
6.455321115357701700e+00
7.484940532538860047e+00
7.995766156304850547e+00
7.995766156304850547e+00
8.401231264413015154e+00
5.628642542173233565e+00
5.628642542173233565e+00
7.995766156304850547e+00
7.484940532538860047e+00
7.302618975744905150e+00
8.401231264413015154e+00
2.526300533560984274e+00
7.708084083853069757e+00
5.033935434426540567e+00
7.484940532538860047e+00
4.874870739796853591e+00
5.660391240487813391e+00
8.401231264413015154e+00
6.098646171418969253e+00
7.995766156304850547e+00
8.401231264413015154e+00
7.995766156304850547e+00
7.995766156304850547e+00
7.995766156304850547e+00
2.759324193474901321e+00
7.014936903293124359e+00
5.693181063310804646e+00
8.401231264413015154e+00
8.401231264413015154e+00
6.098646171418969253e+00
8.401231264413015154e+00
8.401231264413015154e+00
5.916324614625014355e+00
6.897153867636740543e+00
7.484940532538860047e+00
8.401231264413015154e+00
7.995766156304850547e+00
8.401231264413015154e+00
6.149939465806519401e+00
8.401231264413015154e+00
6.321789722733178962e+00
8.401231264413015154e+00
5.727082614986485964e+00
7.484940532538860047e+00
4.640031148719452325e+00
7.995766156304850547e+00
7.484940532538860047e+00
7.708084083853069757e+00
5.310188811054699087e+00
8.401231264413015154e+00
7.484940532538860047e+00
7.995766156304850547e+00
7.995766156304850547e+00
8.401231264413015154e+00
8.401231264413015154e+00
7.708084083853069757e+00
8.401231264413015154e+00
7.302618975744905150e+00
7.302618975744905150e+00
8.401231264413015154e+00
7.995766156304850547e+00
7.995766156304850547e+00
8.401231264413015154e+00
7.708084083853069757e+00
5.265737048483865479e+00
3.404018990648899567e+00
7.302618975744905150e+00
7.148468295917647097e+00
8.401231264413015154e+00
3.836883072945178608e+00
5.727082614986485964e+00
4.919991175077322865e+00
7.708084083853069757e+00
8.401231264413015154e+00
6.609471795184959753e+00
7.995766156304850547e+00
6.098646171418969253e+00
8.401231264413015154e+00
8.401231264413015154e+00
7.995766156304850547e+00
8.401231264413015154e+00
5.539030383483546593e+00
7.995766156304850547e+00
7.148468295917647097e+00
7.014936903293124359e+00
8.401231264413015154e+00
8.401231264413015154e+00
8.401231264413015154e+00
8.401231264413015154e+00
3.918228712399130842e+00
8.401231264413015154e+00
8.401231264413015154e+00
8.401231264413015154e+00
6.897153867636740543e+00
5.087045259740489378e+00
8.401231264413015154e+00
